Type	lambda	s	a	b	r	E[N]	Var[N]	P[N=0]	E[T]	Var[T]	E[T^r]
Uniform	1	0.05	-0.75	0.75	0.5	1	0	0	1.00000114280638	0.00167094927318101	0.999791463186961
Uniform	1	0.25	-0.75	0.75	0.5	1	0	0	1.00000571403187	0.0417737318297129	0.99460848855693
Uniform	1	0.45	-0.75	0.75	0.5	1.44444444444444	0.345679012345679	0	1.00001028525736	0.135346891128279	0.980790539190545
Uniform	1	0.65	-0.75	0.75	0.5	1.61538461538462	0.42603550295858	0	1.00001485648286	0.266258971301182	0.955965535772251
Uniform	1	0.85	-0.75	0.75	0.5	1.58823529411765	0.560553633217993	0.0492570730714432	1.00001942770835	0.365855819519063	0.941067378019784
Uniform	1	1.05	-0.75	0.75	0.5	1.47619047619048	0.675736961451247	0.109491415613865	1.00002399893384	0.439954668752862	0.93289298056318
Uniform	1	1.25	-0.75	0.75	0.5	1.4	0.72	0.144	1.00002757042427	0.502654468465748	0.925378330783661
Uniform	1	1.45	-0.75	0.75	0.5	1.48275862068965	0.863258026159334	0.143801500345008	1.00002664853661	0.551519948045911	0.920237783143788
Uniform	1	1.65	-0.75	0.75	0.5	1.54545454545455	0.94949494949495	0.139638766371913	1.00002572664894	0.592630940621962	0.916236360120995
Uniform	1	1.85	-0.75	0.75	0.5	1.54054054054054	0.994886778670562	0.147564812316667	1.00002480476126	0.625570681164496	0.913182499483766
Uniform	1	2.05	-0.75	0.75	0.5	1.48780487804878	1.01011302795955	0.165207074241973	1.00002158120341	0.650931554196802	0.910896975553537
Uniform	1	2.25	-0.75	0.75	0.5	1.44444444444444	1.01234567901235	0.179240969364426	1.00002043476255	0.672611678499115	0.908787171520637
Uniform	1	2.45	-0.75	0.75	0.5	1.48979591836735	1.085381091212	0.17525215012917	1.00001928832169	0.690406608994009	0.90726675787631
Uniform	1	2.65	-0.75	0.75	0.5	1.52830188679245	1.13705945176219	0.170585093063649	1.00001814188083	0.70552134065807	0.906025497995699
Uniform	1	2.85	-0.75	0.75	0.5	1.52631578947368	1.15789473684211	0.173885278187545	1.00001699543996	0.718469936280095	0.905058027975133
Uniform	1	3.05	-0.75	0.75	0.5	1.49180327868853	1.15506584251545	0.184090786224334	1.00001880754237	0.730665497769242	0.904096871844232
Uniform	1	3.25	-0.75	0.75	0.5	1.46153846153846	1.14792899408284	0.192833242576872	1.00002441226283	0.742773153230391	0.902939805620642
Uniform	1	3.45	-0.75	0.75	0.5	1.49275362318841	1.19428691451376	0.188897538719257	1.00003001698327	0.752966045612602	0.902497184571041
Uniform	1	3.65	-0.75	0.75	0.5	1.52054794520548	1.22987427284669	0.184772115631866	1.00003562170373	0.762885556967343	0.901745157624383
Uniform	1	3.85	-0.75	0.75	0.5	1.51948051948052	1.2416933715635	0.18657007983581	1.00004122642418	0.773068672127146	0.90082202681863
Uniform	1	4.05	-0.75	0.75	0.5	1.49382716049383	1.23426306965402	0.193681481809155	1.00004683114464	0.782966550342548	0.900200953195606
Uniform	1	4.25	-0.75	0.75	0.5	1.47058823529412	1.22491349480969	0.200003905126002	1.00005243586508	0.792738119973862	0.899640681265801
Uniform	1	4.45	-0.75	0.75	0.5	1.49438202247191	1.25817447292009	0.19649518857268	1.00005537886874	0.800803962958707	0.899211802147001
Uniform	1	4.65	-0.75	0.75	0.5	1.51612903225806	1.2850040467106	0.192922988415876	1.00005037741963	0.809272657016232	0.898590006176958
Uniform	1	4.85	-0.75	0.75	0.5	1.51546391752577	1.29259219895844	0.194052114388467	1.00004537597053	0.81788881180737	0.897815821182391
Uniform	1	5.05	-0.75	0.75	0.5	1.49504950495049	1.28399176551318	0.199488032351269	1.00004227482641	0.825420134980835	0.897400443223347
Uniform	1	5.25	-0.75	0.75	0.5	1.47619047619048	1.27437641723356	0.204431354317651	1.00004262898896	0.832254642356653	0.897099852932777
Uniform	1	5.45	-0.75	0.75	0.5	1.4954128440367	1.30005891759953	0.201334051510179	1.0000429831515	0.837611243639653	0.896780130804638
Uniform	1	5.65	-0.75	0.75	0.5	1.51327433628319	1.32148171352494	0.198215814332706	1.00003410306648	0.842294589222564	0.896101185946198
Uniform	1	5.85	-0.75	0.75	0.5	1.51282051282051	1.3267587113741	0.198990179719369	1.0000241288541	0.845947685171578	0.895547600029644
Uniform	1	6.05	-0.75	0.75	0.5	1.49586776859504	1.31807936616351	0.203381567764623	1.0000147593485	0.84912819954076	0.895544066684342
Uniform	1	6.25	-0.75	0.75	0.5	1.48	1.3088	0.207436438963035	1.00001562121493	0.852264090717682	0.89534027570044
Uniform	1	6.45	-0.75	0.75	0.5	1.49612403100775	1.32960759569737	0.204685404538744	1.00001757003521	0.854861313283652	0.895339414339584
Uniform	1	6.65	-0.75	0.75	0.5	1.51127819548872	1.34739103397592	0.201929983246639	1.00001811484249	0.859021498727369	0.894722049187397
Uniform	1	6.85	-0.75	0.75	0.5	1.51094890510949	1.35127071234482	0.202493871014786	1.00001865964979	0.86270333631473	0.894302680698425
Uniform	1	7.05	-0.75	0.75	0.5	1.49645390070922	1.34289019667019	0.20617389643125	1.00001530840978	0.865511371780887	0.894151321912089
Uniform	1	7.25	-0.75	0.75	0.5	1.48275862068966	1.33412604042806	0.209609558612212	1.00000628674133	0.867260099018608	0.894246176964373
Uniform	1	7.45	-0.75	0.75	0.5	1.49664429530201	1.35156074050719	0.207143647627524	0.999997265072888	0.869565638335401	0.894209743324944
Uniform	1	7.65	-0.75	0.75	0.5	1.50980392156863	1.36673928830792	0.204680249007659	0.999997636648897	0.872057054892426	0.894155363428362
Uniform	1	7.85000000000001	-0.75	0.75	0.5	1.50955414012739	1.36971073877236	0.205109119078203	1.00000716059906	0.874380650858539	0.893918633828653
Uniform	1	8.05	-0.75	0.75	0.5	1.49689440993789	1.36175301878786	0.20827435867961	1.00001668454922	0.877111249408591	0.893369372477768
Uniform	1	8.25	-0.75	0.75	0.5	1.48484848484849	1.35353535353535	0.211254140903367	1.00002620849939	0.878923948206624	0.893286690616423
Uniform	1	8.45	-0.75	0.75	0.5	1.49704142011834	1.36850950596968	0.209023767830977	1.00003573244955	0.882361351329454	0.893232160698591
Uniform	1	8.65	-0.75	0.75	0.5	1.50867052023121	1.38173677703899	0.206798794479701	1.00004525639972	0.886837255412791	0.892570116001363
Uniform	1	8.85	-0.75	0.75	0.5	1.50847457627119	1.38408503303648	0.207135915006344	1.00005478034988	0.890504119238377	0.892265891815402
Uniform	1	9.05	-0.75	0.75	0.5	1.49723756906077	1.37657580659931	0.209911765048739	1.00006430430004	0.8931438541162	0.892373630507959
Uniform	1	9.25	-0.75	0.75	0.5	1.48648648648649	1.36888239590942	0.212542077429437	1.00006992048272	0.895241990822494	0.892444912389543
Uniform	1	9.45	-0.75	0.75	0.5	1.4973544973545	1.38198818622099	0.210508229681742	1.00007215297364	0.899068804654279	0.891913899069324
Uniform	1	9.65	-0.75	0.75	0.5	1.50777202072539	1.39370184434481	0.208480874652415	1.00007438546456	0.903129757718947	0.89176891532605
Uniform	1	9.85	-0.75	0.75	0.5	1.50761421319797	1.39560411244814	0.208752822800418	1.00007661795547	0.908195869101767	0.890892827188806
Uniform	1	10.05	-0.75	0.75	0.5	1.49751243781095	1.38852998688151	0.211224043588722	1.00007885044639	0.912703841664168	0.890553770920686
Uniform	1	10.25	-0.75	0.75	0.5	1.48780487804878	1.38132064247472	0.213578021299156	1.00008108293731	0.915343311669903	0.89036382180774
Uniform	1	10.45	-0.75	0.75	0.5	1.49760765550239	1.39296261532474	0.211710028860433	1.00008331542823	0.916782477450633	0.890333740013883
Uniform	1	10.65	-0.75	0.75	0.5	1.50704225352113	1.4034693292777	0.209848785908056	1.00008554791916	0.916941056620207	0.890429835326057
Uniform	1	10.85	-0.75	0.75	0.5	1.50691244239631	1.40504151712714	0.21007278374454	1.00008778041006	0.915387115215945	0.890885285903699
Uniform	1	11.05	-0.75	0.75	0.5	1.49773755656109	1.39837431666018	0.212299289085909	1.000090012901	0.914347943487567	0.891114257115992
Uniform	1	11.25	-0.75	0.75	0.5	1.48888888888889	1.3916049382716	0.214429332013315	1.00009224539192	0.914803932448622	0.891077376172815
Uniform	1	11.45	-0.75	0.75	0.5	1.49781659388646	1.40207089872428	0.212702876876834	1.00009447788283	0.916152525955559	0.890879808938934
Uniform	1	11.65	-0.75	0.75	0.5	1.50643776824034	1.41159350881394	0.210983034525708	1.00009671037375	0.918647094531765	0.89026985842367
Uniform	1	11.85	-0.75	0.75	0.5	1.50632911392405	1.41291459701971	0.211170730316178	1.00009894286466	0.920157615463218	0.890060917063566
Uniform	1	12.05	-0.75	0.75	0.5	1.49792531120332	1.40662178681497	0.213196405439511	1.00009547335399	0.921596970743524	0.889785824928142
Uniform	1	12.25	-0.75	0.75	0.5	1.48979591836735	1.40024989587672	0.21514132739249	1.0000887594954	0.920633861511921	0.890292397264725
Uniform	1	12.45	-0.75	0.75	0.5	1.49799196787149	1.40975145562168	0.213536906775542	1.00008719790102	0.919696615742353	0.890547727536222
Uniform	1	12.65	-0.75	0.75	0.5	1.50592885375494	1.41845677951538	0.211938783219659	1.00008752775575	0.919047768468077	0.890547414633144
Uniform	1	12.85	-0.75	0.75	0.5	1.50583657587549	1.4195824312253	0.212098336595579	1.00008785761047	0.917647032768805	0.890948780480558
Uniform	1	13.05	-0.75	0.75	0.5	1.49808429118774	1.41363162607713	0.213956271858748	1.00008818746519	0.917147502935156	0.891144711841481
Uniform	1	13.25	-0.75	0.75	0.5	1.49056603773585	1.40761836952652	0.215745616924397	1.00008851731991	0.916768214200308	0.891147525043762
Uniform	1	13.45	-0.75	0.75	0.5	1.49814126394052	1.41631541852655	0.214247402257052	1.00008884717463	0.917074899645813	0.891093314819782
Uniform	1	13.65	-0.75	0.75	0.5	1.5054945054945	1.42433146828751	0.212755096871957	1.00008917702936	0.917340906432069	0.891090371037599
Uniform	1	13.85	-0.75	0.75	0.5	1.50541516245487	1.42530203703945	0.212892393423039	1.00008950688408	0.918219738758232	0.890843804435655
Uniform	1	14.05	-0.75	0.75	0.5	1.4982206405694	1.41966287154418	0.214608147568711	1.00008983673882	0.919160494270119	0.890484212782981
Uniform	1	14.25	-0.75	0.75	0.5	1.49122807017544	1.41397353031702	0.216264920395523	1.00009016659354	0.92046507995305	0.890455521625935
Uniform	1	14.45	-0.75	0.75	0.5	1.49826989619377	1.42198967924235	0.214859916340012	1.00009049644825	0.921621669404056	0.890219995502714
Uniform	1	14.65	-0.75	0.75	0.5	1.50511945392491	1.42941676664842	0.213460415709919	1.00008975756159	0.921064246091023	0.890522479612276
Uniform	1	14.85	-0.75	0.75	0.5	1.50505050505051	1.43026221814101	0.21357980733028	1.00008233702013	0.920369851553609	0.890931131684018
Uniform	1	15.05	-0.75	0.75	0.5	1.49833887043189	1.4249070098564	0.215173526710708	1.00007491647867	0.921600577450215	0.890953232237737
Uniform	1	15.25	-0.75	0.75	0.5	1.49180327868853	1.41951088417092	0.216715987572591	1.00006749593722	0.925406892040727	0.890500956689694
Uniform	1	15.45	-0.75	0.75	0.5	1.49838187702265	1.42694358039819	0.215393409342423	1.00006007539576	0.929197445457851	0.889988307299019
Uniform	1	15.65	-0.75	0.75	0.5	1.50479233226837	1.43386173177229	0.214075937538896	1.00005453113397	0.930930411666218	0.890262076655722
Uniform	1	15.85	-0.75	0.75	0.5	1.50473186119874	1.43460478261302	0.214180711301223	1.00005267219214	0.932230085265663	0.890123802441259
Uniform	1	16.05	-0.75	0.75	0.5	1.49844236760125	1.42950864219097	0.215668554073765	1.00004632149687	0.932874698527975	0.89041552206306
Uniform	1	16.25	-0.75	0.75	0.5	1.49230769230769	1.42437869822485	0.217111438154619	1.00003651484191	0.934309081293594	0.890293291630599
Uniform	1	16.45	-0.75	0.75	0.5	1.49848024316109	1.43130606701712	0.215862246143314	1.00002670818696	0.93679368393373	0.889946969537602
Uniform	1	16.65	-0.75	0.75	0.5	1.5045045045045	1.43778012246481	0.214617785230366	1.00001690153201	0.938672664520048	0.889893696624386
Uniform	1	16.85	-0.75	0.75	0.5	1.50445103857567	1.43843830622793	0.214710470204778	1.0000100759114	0.941537009597056	0.889428847361231
Uniform	1	17.05	-0.75	0.75	0.5	1.49853372434018	1.43357900258856	0.216105591791331	1.00001217368022	0.946033514443277	0.888738676153959
Uniform	1	17.25	-0.75	0.75	0.5	1.49275362318841	1.42869145137576	0.217460960775724	1.00001427144904	0.950083216786288	0.888322578193882
Uniform	1	17.45	-0.75	0.75	0.5	1.49856733524355	1.43517705109153	0.216277508859799	1.00001063313131	0.951380824377409	0.888476078733432
Uniform	1	17.65	-0.75	0.75	0.5	1.5042492917847	1.44126026209985	0.215098439730885	1.00000408523367	0.951693623149187	0.888849541661126
Uniform	1	17.85	-0.75	0.75	0.5	1.50420168067227	1.44184732716616	0.215181013520121	0.999997788318149	0.95369833841929	0.888665423162576
Uniform	1	18.05	-0.75	0.75	0.5	1.49861495844875	1.43720505520983	0.216494265880739	0.999992606134929	0.95581015614214	0.888331097849788
Uniform	1	18.25	-0.75	0.75	0.5	1.49315068493151	1.43253893788703	0.217772117243621	0.999994370868953	0.955262270935043	0.888794471345412
Uniform	1	18.45	-0.75	0.75	0.5	1.49864498644986	1.43863514515904	0.216647883895798	0.99999613560299	0.953887966457081	0.889657595237839
Uniform	1	18.65	-0.75	0.75	0.5	1.50402144772118	1.44437177008388	0.215527713446543	0.999997900337017	0.95461723943354	0.889249982918741
Uniform	1	18.85	-0.75	0.75	0.5	1.50397877984085	1.44489864841095	0.215601744694709	0.999999665071051	0.954778680965795	0.889337554067393
Uniform	1	19.05	-0.75	0.75	0.5	1.498687664042	1.44045576980043	0.216842183543573	1.00000030963308	0.954469115344155	0.889494058973623
Uniform	1	19.25	-0.75	0.75	0.5	1.4935064935065	1.43599257884972	0.218050895757038	0.999994239539276	0.95513269304318	0.889451347324202
Uniform	1	19.45	-0.75	0.75	0.5	1.4987146529563	1.44174304954368	0.216980276112608	0.999993778630188	0.956772671911311	0.889325778475103
Uniform	1	19.65	-0.75	0.75	0.5	1.50381679389313	1.44717026332317	0.215913427270504	0.999990261285278	0.95969485650118	0.888401401613256
Uniform	1	19.85	-0.75	0.75	0.5	1.50377833753149	1.44764575627026	0.215980176159813	0.999980662904224	0.96228366245978	0.888069223374749
Uniform	1	20.05	-0.75	0.75	0.5	1.49875311720698	1.44338654610357	0.217155436048896	0.999971064523174	0.963805108358706	0.888339795582389
Uniform	1	20.25	-0.75	0.75	0.5	1.49382716049383	1.43910989178479	0.218302099987198	0.999961466142136	0.966761333910251	0.887977115096565
Uniform	1	20.45	-0.75	0.75	0.5	1.49877750611247	1.44455138360005	0.217280243277758	0.999958685989709	0.968770146725433	0.8877381389763
Uniform	1	20.65	-0.75	0.75	0.5	1.50363196125908	1.44970070763151	0.216261891439585	0.999959585890716	0.970629084579722	0.887281381522775
Uniform	1	20.85	-0.75	0.75	0.5	1.50359712230216	1.45013198074634	0.216322381945386	0.999960485791737	0.971827267335602	0.887330620343985
Uniform	1	21.05	-0.75	0.75	0.5	1.49881235154394	1.44604239425415	0.217438958427931	0.999961385692757	0.97288372380322	0.886930047257537
Uniform	1	21.25	-0.75	0.75	0.5	1.49411764705883	1.44193771626298	0.218529628159292	0.999962285593758	0.972530689302414	0.886875859493014
Uniform	1	21.45	-0.75	0.75	0.5	1.4988344988345	1.44710146108747	0.217552309294069	0.999963185494783	0.96915640143083	0.887731215400252
Uniform	1	21.65	-0.75	0.75	0.5	1.50346420323326	1.4519998506579	0.216578253481055	0.999964085395798	0.966168907275897	0.887768918728997
Uniform	1	21.85	-0.75	0.75	0.5	1.50343249427918	1.45239279673665	0.216633326228711	0.999966970499564	0.961143079523027	0.888801484302558
Uniform	1	22.05	-0.75	0.75	0.5	1.49886621315193	1.44846026089952	0.21769679139156	0.999973075279129	0.959054627653325	0.888462597753221
Uniform	1	22.25	-0.75	0.75	0.5	1.49438202247191	1.44451458149224	0.218736676782525	0.999976674988372	0.957226451627835	0.8885799178813
Uniform	1	22.45	-0.75	0.75	0.5	1.4988864142539	1.44942733418981	0.217800193914625	0.999978263018226	0.956410306672891	0.88828003486639
Uniform	1	22.65	-0.75	0.75	0.5	1.50331125827814	1.4540980171435	0.216866754222357	0.999979851048087	0.956179428453016	0.88796973429499
Uniform	1	22.85	-0.75	0.75	0.5	1.50328227571116	1.45445752672984	0.216917105760613	0.999981439077941	0.954978341986756	0.888251676328156
Uniform	1	23.05	-0.75	0.75	0.5	1.49891540130152	1.45067075724282	0.21793227513589	0.999983027107803	0.954018837616798	0.88858161861051
Uniform	1	23.25	-0.75	0.75	0.5	1.49462365591398	1.44687247080587	0.218925891741673	0.999984615137663	0.954636947991414	0.888449061820826
Uniform	1	23.45	-0.75	0.75	0.5	1.49893390191897	1.45155732152518	0.218026983815941	0.999986203167527	0.955070509173183	0.888602908825512
Uniform	1	23.6499999999999	-0.75	0.75	0.5	1.50317124735729	1.45602045331629	0.217130919009819	0.999987791197389	0.954711294885242	0.888917832115162
Uniform	1	23.8499999999999	-0.75	0.75	0.5	1.50314465408805	1.45635061904197	0.217177131405434	0.999989379227246	0.954915446656957	0.889009639113102
Uniform	1	24.0499999999999	-0.75	0.75	0.5	1.4989604989605	1.45269946101547	0.218148194842275	0.999990967257102	0.955519992729537	0.889071755035633
Uniform	1	24.2499999999999	-0.75	0.75	0.5	1.49484536082474	1.44903815495802	0.219099481961936	0.999992555286962	0.956245367342588	0.889038883913647
Uniform	1	24.4499999999999	-0.75	0.75	0.5	1.49897750511247	1.453515165962	0.218235261781476	0.999994143316822	0.958937957696177	0.888809392205183
Uniform	1	24.6499999999999	-0.75	0.75	0.5	1.50304259634888	1.45778834720571	0.217373702492606	0.999986769723645	0.961684659920349	0.88836495217601
Uniform	1	24.8499999999999	-0.75	0.75	0.5	1.50301810865191	1.45809262010696	0.21741626591894	0.999978278614792	0.963046046912974	0.888010488878799
Uniform	1	25.0499999999999	-0.75	0.75	0.5	1.49900199600799	1.45456791008801	0.218346891358339	0.999969787505932	0.963440359086469	0.888158961398659
Uniform	1	25.2499999999999	-0.75	0.75	0.5	1.4950495049505	1.45103421233213	0.219259306034146	0.999961296397072	0.964053466277019	0.887774346494223
Uniform	1	25.4499999999999	-0.75	0.75	0.5	1.49901768172888	1.4553209228002	0.21842720549294	0.999952805288224	0.963036981110573	0.888404244667144
Uniform	1	25.6499999999999	-0.75	0.75	0.5	1.50292397660819	1.45941961249235	0.217597599615773	0.999944314179372	0.961766276987299	0.888673516425997
Uniform	1	25.8499999999999	-0.75	0.75	0.5	1.50290135396519	1.45970092297102	0.21763692979665	0.999941546932696	0.961325849685793	0.888448555434233
Uniform	1	26.0499999999999	-0.75	0.75	0.5	1.49904030710173	1.45629436967886	0.218530346408329	0.999943157800865	0.959728298543321	0.888316615646493
Uniform	1	26.2499999999999	-0.75	0.75	0.5	1.4952380952381	1.45287981859411	0.219406939018539	0.999944768669025	0.954838066808426	0.889657331303415
Uniform	1	26.4499999999999	-0.75	0.75	0.5	1.49905482041588	1.45699164882916	0.218604663956441	0.999946379537195	0.952093744655038	0.889764226674379
Uniform	1	26.6499999999999	-0.75	0.75	0.5	1.50281425891182	1.46092949744622	0.217804731678825	0.999940185931593	0.951735938106613	0.889453754306153
Uniform	1	26.8499999999999	-0.75	0.75	0.5	1.50279329608939	1.46119034986424	0.217841183504583	0.999929981273145	0.95261448410178	0.889074181869309
Uniform	1	27.0499999999999	-0.75	0.75	0.5	1.49907578558226	1.45789443113834	0.21870024891863	0.999919776614713	0.954064099575566	0.888914436814001
Uniform	1	27.2499999999999	-0.75	0.75	0.5	1.4954128440367	1.45459136436327	0.219543724524056	0.999913964315227	0.957002807770864	0.888261458142887
Uniform	1	27.4499999999999	-0.75	0.75	0.5	1.49908925318761	1.45854194246203	0.218769217255706	0.999905015095099	0.960103155188888	0.88801335458879
Uniform	1	27.6499999999999	-0.75	0.75	0.5	1.50271247739602	1.46233106285295	0.217996913759134	0.999896065874986	0.96248571649441	0.887670405514916
Uniform	1	27.8499999999999	-0.75	0.75	0.5	1.50269299820467	1.4625736102292	0.21803079202013	0.999887116654865	0.961562568281569	0.888215858047839
Uniform	1	28.0499999999999	-0.75	0.75	0.5	1.49910873440285	1.4593814839175	0.218858047167461	0.999878167434747	0.960419484746487	0.888632247342362
Uniform	1	28.2499999999999	-0.75	0.75	0.5	1.49557522123894	1.45618294306524	0.219670815715347	0.999869218214634	0.961459907385971	0.888300277053445
Uniform	1	28.4499999999999	-0.75	0.75	0.5	1.49912126537786	1.45998437118739	0.218922223727004	0.999864101079324	0.963165450469339	0.887767034118999
Uniform	1	28.6499999999999	-0.75	0.75	0.5	1.50261780104712	1.46363556067237	0.21817570804406	0.99987011682862	0.963182763349244	0.887861451976849
Uniform	1	28.8499999999999	-0.75	0.75	0.5	1.50259965337955	1.46386166419867	0.218207275969258	0.999872933110545	0.962861091454064	0.888073531521298
Uniform	1	29.0499999999999	-0.75	0.75	0.5	1.49913941480207	1.46076709098504	0.21900499017197	0.999875749392449	0.962501918668287	0.888491419200465
Uniform	1	29.2499999999999	-0.75	0.75	0.5	1.4957264957265	1.45766673971802	0.219789207899825	0.999878565674375	0.962425540193028	0.888664220869276
Uniform	1	29.4499999999999	-0.75	0.75	0.5	1.49915110356537	1.46132981283923	0.219064857540116	0.999881381956286	0.961881089793984	0.888730272221346
Uniform	1	29.6499999999999	-0.75	0.75	0.5	1.50252951096121	1.46485273667776	0.218342466392056	0.999884604507509	0.962783376632142	0.888555356419146
Uniform	1	29.8499999999999	-0.75	0.75	0.5	1.50251256281407	1.46506401353501	0.218371952499045	0.999888322881556	0.964146601134392	0.888482429089677
Uniform	1	30.0499999999999	-0.75	0.75	0.5	1.49916805324459	1.46206128997428	0.219142160817925	0.999886248290944	0.96675054428351	0.887729726048807
Uniform	1	30.2499999999999	-0.75	0.75	0.5	1.49586776859504	1.45905334335087	0.219899764645003	0.999878392165684	0.967951604005688	0.887666240203902
Uniform	1	30.4499999999999	-0.75	0.75	0.5	1.4991789819376	1.46258773029624	0.219198138887017	0.999870536040411	0.967213625442534	0.888179940869608
Uniform	1	30.6499999999999	-0.75	0.75	0.5	1.50244698205546	1.46599107430363	0.218498364578007	0.999862679915142	0.967363041704467	0.887860491108944
Uniform	1	30.8499999999999	-0.75	0.75	0.5	1.50243111831443	1.46618893637589	0.218525968211559	0.999854823789879	0.968294956833674	0.887699913775226
Uniform	1	31.0499999999999	-0.75	0.75	0.5	1.49919484702094	1.46327283665378	0.21927050259223	0.999846967664606	0.969277723300739	0.887516087735015
Uniform	1	31.2499999999999	-0.75	0.75	0.5	1.496	1.460352	0.220003238876665	0.999839111539336	0.970261510729639	0.887369358681741
Uniform	1	31.4499999999999	-0.75	0.75	0.5	1.49920508744038	1.46376639428168	0.219322958420845	0.999836768070355	0.970546650230291	0.887646441832934
Uniform	1	31.6499999999999	-0.75	0.75	0.5	1.50236966824644	1.46705799260773	0.218644430058614	0.999838909573727	0.972246645131454	0.887604643064029
Uniform	1	31.8499999999999	-0.75	0.75	0.5	1.50235478806907	1.46724367805328	0.218670325901642	0.999841051077089	0.974723175180901	0.887494663714673
Uniform	1	32.0499999999999	-0.75	0.75	0.5	1.49921996879875	1.4644094032092	0.219390841314474	0.999843192580453	0.976421996319117	0.88749866401124
Uniform	1	32.2499999999999	-0.75	0.75	0.5	1.49612403100775	1.46157081906135	0.220100290048263	0.999843157315568	0.978165632989936	0.887560920296317
Uniform	1	32.4499999999999	-0.75	0.75	0.5	1.49922958397535	1.4648730653536	0.219440097183441	0.999845285319605	0.97963760153333	0.887577554748678
Uniform	1	32.6499999999999	-0.75	0.75	0.5	1.50229709035222	1.46806000811428	0.218781564644594	0.999847413323625	0.982493775996226	0.886839096960217
Uniform	1	32.8499999999999	-0.75	0.75	0.5	1.50228310502283	1.46823460728509	0.218805906417248	0.999849541327642	0.984948095548364	0.88648384986886
Uniform	1	33.0499999999999	-0.75	0.75	0.5	1.49924357034796	1.46547774082729	0.219503902925986	0.999851669331682	0.985648865318031	0.886317572232703
Uniform	1	33.2499999999999	-0.75	0.75	0.5	1.49624060150376	1.46271694273277	0.220191498209366	0.999853797335709	0.983826748674674	0.8869406022461
Uniform	1	33.4499999999999	-0.75	0.75	0.5	1.49925261584454	1.46591414354691	0.219550242964052	0.999855925339741	0.982208633522534	0.887413332991972
Uniform	1	33.6499999999999	-0.75	0.75	0.5	1.50222882615156	1.46900286799918	0.218910563137367	0.999858053343768	0.98192177577564	0.887395545492697
Uniform	1	33.8499999999999	-0.75	0.75	0.5	1.50221565731167	1.4691673448549	0.218933486649766	0.999860181347782	0.982705079781383	0.887096873409706
Uniform	1	34.0499999999999	-0.75	0.75	0.5	1.4992657856094	1.46648381386102	0.219610328146363	0.999862309351828	0.981491128981632	0.887099419416342
Uniform	1	34.25	-0.75	0.75	0.5	1.49635036496351	1.46379668602483	0.220277375607458	0.99986443735584	0.978580139539671	0.887214752917953
Uniform	1	34.45	-0.75	0.75	0.5	1.49927431059507	1.46689529218214	0.219654003813266	0.999866565359861	0.974954412391728	0.887670150785862
Uniform	1	34.65	-0.75	0.75	0.5	1.5021645021645	1.46989166036785	0.219032128744104	0.999868693363908	0.972322444995527	0.887864172400376
Uniform	1	34.85	-0.75	0.75	0.5	1.50215208034433	1.47004687027206	0.219053754430725	0.999870821367936	0.971318467482876	0.887097414810797
Uniform	1	35.05	-0.75	0.75	0.5	1.49928673323823	1.46743291120694	0.219710684622666	0.999868024541119	0.968103555379454	0.887449051336169
Uniform	1	35.25	-0.75	0.75	0.5	1.49645390070922	1.46481565313616	0.220358376313331	0.999859283149997	0.964122970879575	0.88794851558241
Uniform	1	35.45	-0.75	0.75	0.5	1.49929478138223	1.46782154089771	0.219751919273072	0.999850541758882	0.960655696041336	0.888406365749245
Uniform	1	35.65	-0.75	0.75	0.5	1.50210378681627	1.4707309060938	0.219146885902662	0.999841800367757	0.956892431034786	0.88884334050599
Uniform	1	35.85	-0.75	0.75	0.5	1.50209205020921	1.47087761068609	0.219167320938247	0.999833058976642	0.954397413472067	0.889082545635239
Uniform	1	36.05	-0.75	0.75	0.5	1.49930651872399	1.46832973928567	0.219805477057852	0.99982980195778	0.953415404366664	0.888847178068362
Uniform	1	36.25	-0.75	0.75	0.5	1.49655172413793	1.46577883472057	0.220434904252016	0.999829782335415	0.95260142954834	0.888684434770536
Uniform	1	36.45	-0.75	0.75	0.5	1.49931412894376	1.46869737186254	0.219844469760995	0.999829762713054	0.951275814623166	0.888527495528397
Uniform	1	36.65	-0.75	0.75	0.5	1.50204638472033	1.47152463571746	0.219255391010339	0.999829743090689	0.949099859049415	0.88860105834317
Uniform	1	36.85	-0.75	0.75	0.5	1.50203527815468	1.47166351540681	0.21927473108576	0.999831960171538	0.947283344646445	0.888901968704842
Uniform	1	37.05	-0.75	0.75	0.5	1.49932523616734	1.46917850007558	0.21989515569997	0.999833580856924	0.945848334826396	0.889134583020557
Uniform	1	37.25	-0.75	0.75	0.5	1.49664429530201	1.46669068960858	0.220507319939127	0.999835201542316	0.945021834983314	0.889137009924003
Uniform	1	37.45	-0.75	0.75	0.5	1.49933244325768	1.46952679228736	0.219932084452882	0.999836822227709	0.944896962041239	0.889023356667654
Uniform	1	37.65	-0.75	0.75	0.5	1.50199203187251	1.47227645416563	0.219358141445541	0.999838442913098	0.944594028838585	0.888969019367799
Uniform	1	37.85	-0.75	0.75	0.5	1.50198150594452	1.47240811867746	0.219376472265721	0.999840063598486	0.944171719183804	0.889051856308307
Uniform	1	38.05	-0.75	0.75	0.5	1.49934296977661	1.46998295692955	0.219980123493553	0.999841684283872	0.944099713553129	0.8890629453461
Uniform	1	38.25	-0.75	0.75	0.5	1.49673202614379	1.46755521380666	0.220575946159698	0.999843304969267	0.943639269573664	0.889228935072687
Uniform	1	38.45	-0.75	0.75	0.5	1.49934980494148	1.47031339570922	0.22001514793728	0.999844925654656	0.943530278979078	0.889294738933456
Uniform	1	38.65	-0.75	0.75	0.5	1.5019404915912	1.47298959548407	0.219455583191075	0.999847599841058	0.946171046221245	0.88908358951604
Uniform	1	38.85	-0.75	0.75	0.5	1.5019305019305	1.47311459280571	0.219472981744425	0.999855952791237	0.94967661292904	0.888596111035773
Uniform	1	39.05	-0.75	0.75	0.5	1.49935979513445	1.47074649034938	0.220060742132818	0.999864305741409	0.953239490728369	0.888150887728432
Uniform	1	39.25	-0.75	0.75	0.5	1.4968152866242	1.46837599902633	0.220641072778282	0.999872658691581	0.955231559936742	0.888182879760721
Uniform	1	39.45	-0.75	0.75	0.5	1.49936628643853	1.47106041402619	0.220094005859073	0.999881011641746	0.95785166981975	0.888192420161765
Uniform	1	39.65	-0.75	0.75	0.5	1.50189155107188	1.47366696933604	0.219548117305595	0.999889364591929	0.961446866697131	0.887296432964639
Uniform	1	39.85	-0.75	0.75	0.5	1.50188205771644	1.47378579333731	0.219564652944603	0.999897717542096	0.961793117561872	0.887922984854479
Logistic	1	0.05	-0.75	0.75	0.5	1.01338509007189	0.0132967251734341	6.03642427064373e-007	1.00000355981894	0.0165776923591145	0.99789001605194
Logistic	1	0.25	-0.75	0.75	0.5	1.45481206392594	0.491748971920485	0.0501307575138974	1.00001575006159	0.297796578349886	0.953383550849261
Logistic	1	0.45	-0.75	0.75	0.5	1.49843047182406	0.789133773850243	0.119819474595305	1.00000168433305	0.498805270691969	0.926382659492978
Logistic	1	0.65	-0.75	0.75	0.5	1.49995625342395	0.96856200375363	0.152327413202796	1.0000159814913	0.609561139963403	0.914502941783136
Logistic	1	0.85	-0.75	0.75	0.5	1.49999889611522	1.08014711155365	0.169559016063802	1.00003115494163	0.678330323504512	0.908261684897487
Logistic	1	1.05	-0.75	0.75	0.5	1.49999997368713	1.15444324754648	0.180181945840728	1.00004632839197	0.723696714616992	0.904548989072631
Logistic	1	1.25	-0.75	0.75	0.5	1.49999999939555	1.20696171844105	0.187352278438483	1.00006150184229	0.759832288610167	0.901468716437999
Logistic	1	1.45	-0.75	0.75	0.5	1.49999999998647	1.24587757540859	0.192499768799211	1.00006953177121	0.789634785393221	0.899723800495106
Logistic	1	1.65	-0.75	0.75	0.5	1.4999999999997	1.27579739842363	0.196366642613671	1.00007086827028	0.810971054265747	0.897647739171212
Logistic	1	1.85	-0.75	0.75	0.5	1.49999999999999	1.29948408856539	0.199374280573875	1.00005521674746	0.823217261178391	0.89688996481468
Logistic	1	2.05	-0.75	0.75	0.5	1.5	1.31868494136483	0.201778623460152	1.00003748980713	0.833624316448422	0.896948966750202
Logistic	1	2.25	-0.75	0.75	0.5	1.5	1.33455498057083	0.203743678452957	1.0000239137018	0.848863805740233	0.895351538793214
Logistic	1	2.45	-0.75	0.75	0.5	1.5	1.34788655470808	0.205379210744357	1.00000933606862	0.862665751280329	0.894696265259575
Logistic	1	2.65	-0.75	0.75	0.5	1.5	1.3592405046328	0.206761369063394	1.00002115638256	0.876084869112717	0.893416494781577
Logistic	1	2.85	-0.75	0.75	0.5	1.5	1.3690245479914	0.207944596564711	0.999996401444874	0.885935974819682	0.892374244036957
Logistic	1	3.05	-0.75	0.75	0.5	1.5	1.37754197940092	0.208968827426877	1.00000547590077	0.890889551086073	0.892157586709955
Logistic	1	3.25	-0.75	0.75	0.5	1.5	1.3850229674614	0.2098640056434	1.00002550645166	0.892854726441533	0.892000943192495
Logistic	1	3.45	-0.75	0.75	0.5	1.5	1.39164527010026	0.210653017896251	1.00003166160217	0.893950509514789	0.891989792090079
Logistic	1	3.65	-0.75	0.75	0.5	1.5	1.39754830643755	0.211353652645153	1.00003349705737	0.905091611636445	0.891833494711376
Logistic	1	3.85	-0.75	0.75	0.5	1.5	1.40284293783799	0.211979942157591	1.00002350646423	0.917699974214644	0.891139938529064
Logistic	1	4.05	-0.75	0.75	0.5	1.5	1.40761840698173	0.21254310253693	1.00001087522715	0.926946122831732	0.890557221928301
Logistic	1	4.25	-0.75	0.75	0.5	1.5	1.41194735171659	0.213052205340959	0.999998243990065	0.932610897484745	0.889504385414419
Logistic	1	4.45	-0.75	0.75	0.5	1.5	1.41588948807301	0.213514666016557	0.999985612752982	0.931961711461247	0.889727302089024
Logistic	1	4.65	-0.75	0.75	0.5	1.5	1.41949435635629	0.213936604831198	0.999972981515897	0.931887700715615	0.890264753777113
Logistic	1	4.85	-0.75	0.75	0.5	1.5	1.42280339661364	0.21432311746727	0.999953314841984	0.943938372097778	0.889100726900297
Logistic	1	5.05	-0.75	0.75	0.5	1.5	1.42585153678267	0.214678480572603	0.999916683013283	0.952056609433047	0.888041610298678
Logistic	1	5.25	-0.75	0.75	0.5	1.5	1.42866842180018	0.215006309786482	0.99989646328391	0.954545760012474	0.888483789283947
Logistic	1	5.45	-0.75	0.75	0.5	1.5	1.43127937480823	0.215309682572576	0.999903947218537	0.952743003044273	0.888189859832682
Logistic	1	5.65	-0.75	0.75	0.5	1.5	1.43370615611356	0.215591234667282	0.999909825330486	0.950534389522058	0.888872467931113
Logistic	1	5.85	-0.75	0.75	0.5	1.5	1.43596756781009	0.215853236521459	0.999899347749989	0.947898481173924	0.888838300143812
Logistic	1	6.05	-0.75	0.75	0.5	1.5	1.43807993944189	0.216097654411656	0.999914853930366	0.941253396715843	0.889013031930743
Logistic	1	6.25	-0.75	0.75	0.5	1.5	1.4400575211193	0.216326199689198	0.999934077017156	0.939357868169485	0.889460645443722
Logistic	1	6.45	-0.75	0.75	0.5	1.5	1.44191280401104	0.216540368767337	0.999930294419895	0.944264389064664	0.889157889603374
Logistic	1	6.65	-0.75	0.75	0.5	1.5	1.44365678338387	0.21674147581554	0.999941805021652	0.949866437767586	0.888742229321854
Logistic	1	6.85	-0.75	0.75	0.5	1.5	1.44529917584731	0.216930679665921	0.999940660148795	0.9511853629157	0.889028821357462
Logistic	1	7.05	-0.75	0.75	0.5	1.5	1.44684859983564	0.217109006092259	0.999936007987679	0.953560985139707	0.888312174510284
Logistic	1	7.25	-0.75	0.75	0.5	1.5	1.44831272638096	0.217277366363677	0.99992662483886	0.958062264901146	0.888342010805781
Logistic	1	7.45	-0.75	0.75	0.5	1.5	1.44969840572635	0.217436572779646	0.999921842167748	0.966405385860219	0.887879613922529
Logistic	1	7.65	-0.75	0.75	0.5	1.5	1.4510117741756	0.217587351743893	0.999934829507096	0.971980957294495	0.887544414726498
Logistic	1	7.85000000000001	-0.75	0.75	0.5	1.5	1.45225834468484	0.217730354820175	0.999954114492844	0.971041170926001	0.887699118770687
Logistic	1	8.05	-0.75	0.75	0.5	1.5	1.4534430840095	0.217866168124072	0.999982165828373	0.971717817301617	0.8872732993858
Logistic	1	8.25	-0.75	0.75	0.5	1.5	1.45457047867663	0.217995320335724	0.999977742530684	0.970359410756764	0.88796472781116
Logistic	1	8.45	-0.75	0.75	0.5	1.5	1.45564459162577	0.218118289564006	0.999973468509989	0.971734079994536	0.887475206820752
Logistic	1	8.65	-0.75	0.75	0.5	1.5	1.45666911102185	0.218235509249647	0.999958258122006	0.971285063051929	0.887733903004768
Logistic	1	8.85	-0.75	0.75	0.5	1.5	1.45764739247329	0.218347373260677	0.999940337873046	0.969961363231597	0.887213304597919
Logistic	1	9.05	-0.75	0.75	0.5	1.5	1.4585824956715	0.218454240306158	0.999922417624076	0.964971015707486	0.887705796232169
Logistic	1	9.25	-0.75	0.75	0.5	1.5	1.45947721629266	0.218556437772278	0.999920229312375	0.959418249167545	0.887855378472685
Logistic	1	9.45	-0.75	0.75	0.5	1.5	1.46033411386143	0.218654265067093	0.999934784860239	0.957213327262417	0.887982705678721
Logistic	1	9.65	-0.75	0.75	0.5	1.5	1.46115553616005	0.218747996545756	0.9999390481965	0.961518285137997	0.88822881924775
Logistic	1	9.85	-0.75	0.75	0.5	1.5	1.46194364067241	0.218837884076398	0.999943311532764	0.973716743161849	0.887225510514981
Logistic	1	10.05	-0.75	0.75	0.5	1.5	1.46270041347475	0.218924159297037	0.999947574869021	0.982475918265935	0.886535808179202
Logistic	1	10.25	-0.75	0.75	0.5	1.5	1.46342768592062	0.219007035606134	0.99995183820528	0.980743054213949	0.887350483593547
Logistic	1	10.45	-0.75	0.75	0.5	1.5	1.46412714941474	0.219086709922694	0.99995576240303	0.975510678902513	0.887472549228236
Logistic	1	10.65	-0.75	0.75	0.5	1.5	1.4648003685264	0.219163364246471	0.999960364877805	0.973062355635313	0.886944885020952
Logistic	1	10.85	-0.75	0.75	0.5	1.5	1.46544879265585	0.219237167044248	0.99996367787992	0.962597468628666	0.888230355645707
Logistic	1	11.05	-0.75	0.75	0.5	1.5	1.4660737664367	0.219308274484415	0.999955305991927	0.963835538827465	0.888363961925781
Logistic	1	11.25	-0.75	0.75	0.5	1.5	1.46667653903118	0.219376831538837	0.999931217533465	0.961928866918031	0.888319978175016
Logistic	1	11.45	-0.75	0.75	0.5	1.50000000000001	1.46725827245321	0.219442972968373	0.999963750342583	0.959627651941056	0.888478512087923
Logistic	1	11.65	-0.75	0.75	0.5	1.5	1.46782004903602	0.219506824206126	0.999981681559118	0.959765370842558	0.888153586620909
Logistic	1	11.85	-0.75	0.75	0.5	1.5	1.46836287814496	0.219568502150585	0.999985944895368	0.963092243144856	0.888547129247411
Logistic	1	12.05	-0.75	0.75	0.5	1.5	1.46888770222313	0.21962811587922	0.999989713225889	0.97185612491629	0.88705805124862
Logistic	1	12.25	-0.75	0.75	0.5	1.5	1.46939540224588	0.219685767291656	0.999991755418667	0.974346228424256	0.887224136865014
Logistic	1	12.45	-0.75	0.75	0.5	1.5	1.46988680265049	0.219741551690427	0.999998642529502	0.972269284607646	0.887780442712771
Logistic	1	12.65	-0.75	0.75	0.5	1.49999999999999	1.47036267579904	0.219795558306247	0.999986299589743	0.968518301448161	0.888857814182865
Logistic	1	12.85	-0.75	0.75	0.5	1.5	1.47082374602522	0.219847870773889	1.00000432533426	0.965924117584497	0.888937538334647
Logistic	1	13.05	-0.75	0.75	0.5	1.5	1.47127069330953	0.219898567564015	0.999976116058486	0.968081991547659	0.88813904841211
Logistic	1	13.25	-0.75	0.75	0.5	1.5	1.47170415662231	0.219947722375621	0.999949287343632	0.964323484555436	0.888135044436433
Logistic	1	13.45	-0.75	0.75	0.5	1.5	1.47212473696886	0.219995404493236	0.999936949928259	0.960757730858781	0.888544456023993
Logistic	1	13.65	-0.75	0.75	0.5	1.5	1.47253300016724	0.220041679112525	0.99992461251289	0.95575384566447	0.888741375837149
Logistic	1	13.85	-0.75	0.75	0.5	1.5	1.47292947938579	0.220086607637484	0.999921168123218	0.956364986744765	0.888978674780262
Logistic	1	14.05	-0.75	0.75	0.5	1.5	1.47331467746423	0.220130247952087	0.999947003855693	0.960060452287915	0.888687214481842
Logistic	1	14.25	-0.75	0.75	0.5	1.5	1.47368906903948	0.220172654668934	0.999954282623246	0.965334034452076	0.88753644674032
Logistic	1	14.45	-0.75	0.75	0.5	1.5	1.47405310249529	0.220213879357083	0.999960974043067	0.967621075454487	0.88783863415443
Logistic	1	14.65	-0.75	0.75	0.5	1.5	1.47440720175225	0.220253970751145	0.999980271753813	0.968065880122754	0.887421080297259
Logistic	1	14.85	-0.75	0.75	0.5	1.5	1.47475176791351	0.220292974943339	0.99998693556568	0.96468789407712	0.887641731933648
Logistic	1	15.05	-0.75	0.75	0.5	1.5	1.47508718077919	0.22033093556018	0.999988106370161	0.962822904074274	0.887867258161348
Logistic	1	15.25	-0.75	0.75	0.5	1.5	1.47541380024201	0.220367893925145	1.00000161269477	0.966187638175487	0.887759794671345
Logistic	1	15.45	-0.75	0.75	0.5	1.5	1.47573196757449	0.220403889208652	1.00001912006669	0.97458899778134	0.887289659078275
Logistic	1	15.65	-0.75	0.75	0.5	1.49999999999999	1.47604200661761	0.220438958566465	1.00000038223223	0.975229107852404	0.888096875746744
Logistic	1	15.85	-0.75	0.75	0.5	1.49999999999999	1.47634422487962	0.220473137267549	0.999992789588077	0.978930594945242	0.887736863231231
Logistic	1	16.05	-0.75	0.75	0.5	1.5	1.47663891455266	0.220506458812331	0.999993960392542	0.980828884360577	0.888052490601206
Logistic	1	16.25	-0.75	0.75	0.5	1.5	1.47692635345452	0.22053895504217	0.999995131197019	0.981752358305175	0.887204585118861
Logistic	1	16.45	-0.75	0.75	0.5	1.5	1.47720680590171	0.220570656240777	0.999996302001504	0.987305510304479	0.886895692305629
Logistic	1	16.65	-0.75	0.75	0.5	1.5	1.4774805235196	0.220601591228318	0.999997472805973	0.987972685595243	0.887467546269271
Logistic	1	16.85	-0.75	0.75	0.5	1.49999999999999	1.47774774599509	0.220631787448753	0.999998643610462	0.988185269742477	0.887395362726629
Logistic	1	17.05	-0.75	0.75	0.5	1.5	1.47800870177619	0.220661271051004	0.99999574212059	0.984483130619843	0.887985940965034
Logistic	1	17.25	-0.75	0.75	0.5	1.49999999999999	1.47826360872304	0.220690066964449	1.00001266636601	0.983884465780924	0.88752416027263
Logistic	1	17.45	-0.75	0.75	0.5	1.5	1.47851267471424	0.220718198969186	1.00003885413687	0.97737377563707	0.887802528645461
Logistic	1	17.65	-0.75	0.75	0.5	1.49999999999999	1.4787560982119	0.220745689761511	1.00005215152455	0.971407073475033	0.888299284879265
Logistic	1	17.85	-0.75	0.75	0.5	1.5	1.47899406878889	0.220772561014944	1.00002051029656	0.970090239440651	0.888123641967354
Logistic	1	18.05	-0.75	0.75	0.5	1.5	1.47922676762084	0.220798833437212	0.999983931283483	0.972723650530559	0.887846022407121
Logistic	1	18.25	-0.75	0.75	0.5	1.49999999999999	1.47945436794603	0.220824526823435	0.999964547967425	0.972820666223498	0.887612913568047
Logistic	1	18.45	-0.75	0.75	0.5	1.5	1.47967703549529	0.220849660105853	0.999975372352497	0.973970661585284	0.88776388767795
Logistic	1	18.65	-0.75	0.75	0.5	1.49999999999999	1.47989492889427	0.220874251400335	0.999996581369747	0.970885742404417	0.888678951308699
Logistic	1	18.85	-0.75	0.75	0.5	1.49999999999999	1.48010820004012	0.220898318049893	1.00001441721405	0.969810711648374	0.887886525281018
Logistic	1	19.05	-0.75	0.75	0.5	1.5	1.48031699445448	0.220921876665483	1.00003225305838	0.973168141893715	0.887272810877211
Logistic	1	19.25	-0.75	0.75	0.5	1.5	1.48052145161446	0.220944943164201	1.0000500889027	0.977144936279784	0.887107266883506
Logistic	1	19.45	-0.75	0.75	0.5	1.5	1.48072170526322	0.22096753280515	1.00006792474702	0.983983435030898	0.886857879948432
Logistic	1	19.65	-0.75	0.75	0.5	1.5	1.48091788370162	0.220989660223077	1.00008576059133	0.988878972149098	0.886646507380134
Logistic	1	19.85	-0.75	0.75	0.5	1.5	1.48111011006218	0.221011339460002	1.00010359643565	0.987016883023021	0.88702934557638
Logistic	1	20.05	-0.75	0.75	0.5	1.5	1.48129850256681	0.22103258399489	1.00012143227997	0.984409001936869	0.887453215856759
Logistic	1	20.25	-0.75	0.75	0.5	1.49999999999999	1.48148317476904	0.221053406771622	1.00013926812429	0.980519399557026	0.888289641595622
Logistic	1	20.45	-0.75	0.75	0.5	1.5	1.48166423578226	0.221073820225266	1.00014799383665	0.982405117307768	0.887872818788241
Logistic	1	20.65	-0.75	0.75	0.5	1.5	1.48184179049461	0.221093836306842	1.00015335305919	0.992283906195691	0.887151787302081
Logistic	1	20.85	-0.75	0.75	0.5	1.5	1.48201593977152	0.221113466506636	1.00015814504002	0.996076399263292	0.887374944736462
Logistic	1	21.05	-0.75	0.75	0.5	1.5	1.48218678064667	0.221132721876204	1.00015230814725	0.996927433031031	0.886966237407965
Logistic	1	21.25	-0.75	0.75	0.5	1.5	1.48235440650232	0.221151613049095	1.00014647125447	0.993513021090855	0.887473850849798
Logistic	1	21.45	-0.75	0.75	0.5	1.5	1.48251890723931	0.221170150260443	1.0001406343617	0.986022964644598	0.887640374491153
Logistic	1	21.65	-0.75	0.75	0.5	1.5	1.48268036943793	0.221188343365439	1.00013479746892	0.979499524814321	0.887751617682689
Logistic	1	21.85	-0.75	0.75	0.5	1.5	1.48283887650973	0.221206201856808	1.00012896057615	0.979701865171418	0.887828021615976
Logistic	1	22.05	-0.75	0.75	0.5	1.5	1.48299450884113	0.221223734881321	1.00012312368336	0.986495206928666	0.886644617208582
Logistic	1	22.25	-0.75	0.75	0.5	1.5	1.48314734392946	0.221240951255397	1.00012390022238	0.986701103434299	0.886963535172836
Logistic	1	22.45	-0.75	0.75	0.5	1.5	1.48329745651144	0.221257859479898	1.00011144989782	0.986091319702529	0.887001452506817
Logistic	1	22.65	-0.75	0.75	0.5	1.5	1.48344491868504	0.221274467754121	1.00010561300503	0.9871867116168	0.886661486243946
Logistic	1	22.85	-0.75	0.75	0.5	1.5	1.483589800025	0.221290783989035	1.00009803222806	0.987701960890031	0.887197771971108
Logistic	1	23.05	-0.75	0.75	0.5	1.5	1.48373216769214	0.221306815819868	1.00008858335559	0.985899739243004	0.886966126565121
Logistic	1	23.25	-0.75	0.75	0.5	1.5	1.4838720865372	0.221322570617994	1.00006233603706	0.98531698787159	0.886953813050869
Logistic	1	23.45	-0.75	0.75	0.5	1.49999999999999	1.4840096191993	0.221338055502243	1.00003419938168	0.980156261049034	0.888074258682285
Logistic	1	23.6499999999999	-0.75	0.75	0.5	1.49999999999999	1.48414482619942	0.221353277349632	1.00000606272629	0.98451345728109	0.887024709732538
Logistic	1	23.8499999999999	-0.75	0.75	0.5	1.5	1.48427776602914	0.221368242805522	0.999992866281703	0.992529189660205	0.886684568731597
Logistic	1	24.0499999999999	-0.75	0.75	0.5	1.5	1.48440849523502	0.221382958293319	0.99998917275877	1.0010019672948	0.885937075324236
Logistic	1	24.2499999999999	-0.75	0.75	0.5	1.5	1.48453706849881	0.221397430023639	0.999985479235876	0.99852392263459	0.886644871192133
Logistic	1	24.4499999999999	-0.75	0.75	0.5	1.5	1.48466353871359	0.221411664003062	0.999993898834433	1.00074641423458	0.886353612290524
Logistic	1	24.6499999999999	-0.75	0.75	0.5	1.5	1.48478795705642	0.221425666042434	1.00000469468947	1.00701187867825	0.885932899834355
Logistic	1	24.8499999999999	-0.75	0.75	0.5	1.49999999999999	1.4849103730573	0.221439441764779	1.00000996913764	1.01313056384878	0.885760455999211
Logistic	1	25.0499999999999	-0.75	0.75	0.5	1.5	1.48503083466491	0.221452996612822	1.00002131270652	1.01073974752043	0.885948029367063
Logistic	1	25.2499999999999	-0.75	0.75	0.5	1.5	1.48514938830921	0.221466335856168	1.00002973339894	1.00653438312548	0.885927998646455
Logistic	1	25.4499999999999	-0.75	0.75	0.5	1.50000000000001	1.48526607896114	0.221479464598115	1.00000610695199	0.998223313156754	0.886818497609679
Logistic	1	25.6499999999999	-0.75	0.75	0.5	1.49999999999999	1.48538095018937	0.221492387782183	1.0000006541448	0.991267103789882	0.887154132585997
Logistic	1	25.8499999999999	-0.75	0.75	0.5	1.49999999999999	1.48549404421469	0.221505110198291	0.999990169127839	0.988695725143655	0.887188261988105
Logistic	1	26.0499999999999	-0.75	0.75	0.5	1.49999999999999	1.48560540196158	0.221517636488709	0.999973588136753	0.988113141232822	0.887820817071799
Logistic	1	26.2499999999999	-0.75	0.75	0.5	1.50000000000001	1.48571506310768	0.221529971153668	0.99995701912939	0.984374971512624	0.887835299519053
Logistic	1	26.4499999999999	-0.75	0.75	0.5	1.5	1.48582306613083	0.221542118556795	0.999940426154598	0.984973758795549	0.887623028262584
Logistic	1	26.6499999999999	-0.75	0.75	0.5	1.5	1.4859294483542	0.221554082930203	0.999923845163521	0.993323636048186	0.886412435905447
Logistic	1	26.8499999999999	-0.75	0.75	0.5	1.5	1.48603424598912	0.221565868379457	0.999909341775801	0.994679660472392	0.88619015887027
Logistic	1	27.0499999999999	-0.75	0.75	0.5	1.5	1.4861374941763	0.22157747888824	0.999890683181377	0.987084535780059	0.886219967462564
Logistic	1	27.2499999999999	-0.75	0.75	0.5	1.49999999999999	1.48623922702507	0.221588918322854	0.999882052145282	0.971627026452848	0.88816553969816
Logistic	1	27.4499999999999	-0.75	0.75	0.5	1.5	1.4863394776509	0.221600190436505	0.999885238058078	0.972241339279661	0.887749588951921
Logistic	1	27.6499999999999	-0.75	0.75	0.5	1.5	1.48643827821139	0.221611298873412	0.99987640655801	0.975068488327714	0.887378591747295
Logistic	1	27.8499999999999	-0.75	0.75	0.5	1.5	1.4865356599406	0.22162224717274	0.999873583764373	0.97166064786245	0.888197974030985
Logistic	1	28.0499999999999	-0.75	0.75	0.5	1.5	1.48663165318203	0.221633038772342	0.99987076097075	0.972222728691877	0.887844126435331
Logistic	1	28.2499999999999	-0.75	0.75	0.5	1.49999999999999	1.48672628742008	0.221643677012383	0.99986793817711	0.979351358296327	0.887436300171407
Logistic	1	28.4499999999999	-0.75	0.75	0.5	1.5	1.48681959131025	0.221654165138753	0.999865115383472	0.984591998772755	0.88664734299977
Logistic	1	28.6499999999999	-0.75	0.75	0.5	1.5	1.48691159270811	0.221664506306403	0.999876547859041	0.985729285034213	0.886559308963261
Logistic	1	28.8499999999999	-0.75	0.75	0.5	1.49999999999999	1.48700231869693	0.221674703582481	0.99989970612265	0.987998196837256	0.886848808622555
Logistic	1	29.0499999999999	-0.75	0.75	0.5	1.5	1.48709179561435	0.221684759949378	0.99992229214567	0.990344659699569	0.886628863283435
Logistic	1	29.2499999999999	-0.75	0.75	0.5	1.49999999999999	1.48718004907778	0.221694678307648	0.999945164288997	0.990606757038018	0.886689635232757
Logistic	1	29.4499999999999	-0.75	0.75	0.5	1.50000000000001	1.48726710400898	0.22170446147875	0.999961022387501	0.989377940004957	0.886462812195641
Logistic	1	29.6499999999999	-0.75	0.75	0.5	1.5	1.48735298465731	0.221714112207795	0.999979259883152	0.991096369924692	0.885875142715882
Logistic	1	29.8499999999999	-0.75	0.75	0.5	1.5	1.48743771462246	0.221723633166044	1.00001378071892	0.990058436302754	0.886184398107117
Logistic	1	30.0499999999999	-0.75	0.75	0.5	1.5	1.48752131687595	0.221733026953417	1.00002074013285	0.992618453657231	0.885686649385275
Logistic	1	30.2499999999999	-0.75	0.75	0.5	1.49999999999999	1.4876038137819	0.221742296100846	1.00001156067725	0.989979040772898	0.886392354467135
Logistic	1	30.4499999999999	-0.75	0.75	0.5	1.5	1.48768522711702	0.221751443072537	0.999988257596698	0.993294158079956	0.886007508591102
Logistic	1	30.6499999999999	-0.75	0.75	0.5	1.5	1.48776557808968	0.22176047026818	0.99996300342289	0.993544787908698	0.886330085824706
Logistic	1	30.8499999999999	-0.75	0.75	0.5	1.49999999999999	1.48784488735845	0.221769380025025	0.999937749249076	0.993369017841312	0.886257554073594
Logistic	1	31.0499999999999	-0.75	0.75	0.5	1.5	1.48792317504972	0.221778174619897	0.999912495075263	0.990140491823872	0.886223607878085
Logistic	1	31.2499999999999	-0.75	0.75	0.5	1.49999999999999	1.4880004607747	0.221786856271164	0.999910881715379	0.991113566869865	0.886040582878409
Logistic	1	31.4499999999999	-0.75	0.75	0.5	1.50000000000001	1.48807676364592	0.221795427140564	0.999917564449907	1.00082917659414	0.885730558239674
Logistic	1	31.6499999999999	-0.75	0.75	0.5	1.50000000000001	1.48815210229282	0.221803889335038	0.999922284881714	1.00250939720363	0.885272050968248
Logistic	1	31.8499999999999	-0.75	0.75	0.5	1.5	1.48822649487706	0.221812244908424	0.999930929918997	0.997426188802468	0.885251841807719
Logistic	1	32.0499999999999	-0.75	0.75	0.5	1.5	1.48829995910704	0.22182049586313	0.999928945576977	0.988849660890162	0.885801300864928
Logistic	1	32.2499999999999	-0.75	0.75	0.5	1.49999999999999	1.48837251225193	0.221828644151743	0.999919766121379	0.988951583444707	0.886247614046263
Logistic	1	32.4499999999999	-0.75	0.75	0.5	1.5	1.48844417115529	0.221836691678554	0.999910586665797	0.988330629193641	0.886565852812283
Logistic	1	32.6499999999999	-0.75	0.75	0.5	1.5	1.48851495224799	0.221844640301063	0.999901407210206	0.980134794613116	0.887971238959144
Logistic	1	32.8499999999999	-0.75	0.75	0.5	1.49999999999999	1.48858487156085	0.221852491831376	0.999892227754627	0.981594766577628	0.887155833476626
Logistic	1	33.0499999999999	-0.75	0.75	0.5	1.5	1.48865394473673	0.221860248037613	0.999888110997954	0.983252164574459	0.887317769296622
Logistic	1	33.2499999999999	-0.75	0.75	0.5	1.5	1.48872218704218	0.221867910645221	0.999896005237161	0.986350016364426	0.887086730221959
Logistic	1	33.4499999999999	-0.75	0.75	0.5	1.49999999999998	1.48878961337867	0.221875481338255	0.999901996025563	0.994693707969037	0.885847605544611
Logistic	1	33.6499999999999	-0.75	0.75	0.5	1.49999999999999	1.48885623829351	0.221882961760604	0.999907986813964	0.995367008158	0.886355775894267
Logistic	1	33.8499999999999	-0.75	0.75	0.5	1.49999999999999	1.48892207599021	0.221890353517198	0.999913977602355	0.997087399571719	0.886120421196251
Logistic	1	34.0499999999999	-0.75	0.75	0.5	1.49999999999999	1.48898714033866	0.221897658175148	0.999918147539737	0.994798312831705	0.886440787569917
Logistic	1	34.25	-0.75	0.75	0.5	1.5	1.4890514448848	0.221904877264844	0.999921777408259	0.997775792625471	0.886255991282142
Logistic	1	34.45	-0.75	0.75	0.5	1.49999999999999	1.48911500286007	0.22191201228104	0.999937740117752	0.999569389420505	0.885812048844863
Logistic	1	34.65	-0.75	0.75	0.5	1.5	1.4891778271905	0.221919064683871	0.999934617599677	0.996875180146668	0.886113913436558
Logistic	1	34.85	-0.75	0.75	0.5	1.5	1.4892399305054	0.221926035899858	0.999902291073464	0.998398261617355	0.88581968308115
Logistic	1	35.05	-0.75	0.75	0.5	1.5	1.48930132514588	0.221932927322876	0.999895035195662	0.99789481164535	0.885661097465397
Logistic	1	35.25	-0.75	0.75	0.5	1.5	1.48936202317304	0.221939740315059	0.999900598829503	1.00347563108699	0.885765241344113
Logistic	1	35.45	-0.75	0.75	0.5	1.5	1.48942203637579	0.221946476207723	0.999916408963739	1.00820733746143	0.88547094903552
Logistic	1	35.65	-0.75	0.75	0.5	1.49999999999998	1.48948137627853	0.22195313630223	0.999930486387566	1.00330865953954	0.885956400273515
Logistic	1	35.85	-0.75	0.75	0.5	1.5	1.48954005414863	0.221959721870794	0.999957104035101	1.00010661793739	0.886422811185734
Logistic	1	36.05	-0.75	0.75	0.5	1.5	1.48959808100332	0.221966234157348	0.999985432071565	0.997449168993345	0.886706413898054
Logistic	1	36.25	-0.75	0.75	0.5	1.5	1.4896554676168	0.221972674378275	0.999945060055839	0.993645776080448	0.886975488175483
Logistic	1	36.45	-0.75	0.75	0.5	1.5	1.48971222452682	0.221979043723193	0.999904842405187	0.996363062199532	0.886712798574161
Logistic	1	36.65	-0.75	0.75	0.5	1.50000000000001	1.48976836204115	0.221985343355682	0.999887528227206	1.00592912150253	0.886344683538016
Logistic	1	36.85	-0.75	0.75	0.5	1.5	1.4898238902438	0.22199157441399	0.999877360664017	1.01195418793051	0.885887636877945
Logistic	1	37.05	-0.75	0.75	0.5	1.49999999999999	1.48987881900106	0.221997738011719	0.999846121668648	1.01782091237998	0.885258691149148
Logistic	1	37.25	-0.75	0.75	0.5	1.5	1.48993315796742	0.222003835238478	0.999834158740416	1.01452395756899	0.885179239062729
Logistic	1	37.45	-0.75	0.75	0.5	1.5	1.48998691659109	0.222009867160558	0.99982288835035	1.0100908582235	0.885723591697955
Logistic	1	37.65	-0.75	0.75	0.5	1.5	1.49004010411957	0.222015834821519	0.999811617960277	1.00873661070731	0.885491341381487
Logistic	1	37.85	-0.75	0.75	0.5	1.5	1.49009272960493	0.222021739242803	0.999800347570213	1.00761847048499	0.885505193583454
Logistic	1	38.05	-0.75	0.75	0.5	1.5	1.49014480190896	0.222027581424324	0.999789077180144	1.00514504634555	0.88554477676355
Logistic	1	38.25	-0.75	0.75	0.5	1.5	1.49019632970811	0.222033362345025	0.999778941150971	1.00270144788173	0.885429300522748
Logistic	1	38.45	-0.75	0.75	0.5	1.50000000000001	1.49024732149834	0.222039082963427	0.999771685273181	1.00511865228639	0.884333129443325
Logistic	1	38.65	-0.75	0.75	0.5	1.5	1.49029778559976	0.222044744218159	0.999767336627754	0.994260033705259	0.886024436830033
Logistic	1	38.85	-0.75	0.75	0.5	1.5	1.4903477301612	0.222050347028465	0.999762017316954	0.985203477863011	0.887102352005015
Logistic	1	39.05	-0.75	0.75	0.5	1.50000000000001	1.49039716316457	0.222055892294713	0.999754786375081	0.981599499976397	0.887194418559545
Logistic	1	39.25	-0.75	0.75	0.5	1.5	1.49044609242907	0.222061380898877	0.999751314456918	0.981503755169127	0.887463878051505
Logistic	1	39.45	-0.75	0.75	0.5	1.49999999999999	1.4904945256154	0.22206681370499	0.999749028195135	0.987264694106798	0.886726196693839
Logistic	1	39.65	-0.75	0.75	0.5	1.5	1.49054247022971	0.222072191559601	0.999746741933339	0.981811022763135	0.887590456762933
Logistic	1	39.85	-0.75	0.75	0.5	1.5	1.49058993362744	0.222077515292243	0.999744455671544	0.985819985822286	0.8866274627605
Cauchy	1	0.05	-0.75	0.75	0.5	1.09838975012699	0.175453580234109	0.0367015351394314	1.00000035958799	0.108221913739812	0.983719756837959
Cauchy	1	0.25	-0.75	0.75	0.5	1.36949424152496	0.650364564176375	0.109687421797122	1.00000179793994	0.394301384281171	0.94236355673124
Cauchy	1	0.45	-0.75	0.75	0.5	1.46233558889254	0.889682602428298	0.140993772627268	1.00011606798811	0.550865293103371	0.92225503613145
Cauchy	1	0.65	-0.75	0.75	0.5	1.48921904251218	1.02975020822591	0.160406211981366	1.00013193925589	0.636042782308172	0.913528902116552
Cauchy	1	0.85	-0.75	0.75	0.5	1.49686787164617	1.12033255350647	0.17345161185962	1.00011839213231	0.705959427003438	0.907088412572285
Cauchy	1	1.05	-0.75	0.75	0.5	1.49903139799234	1.18292680863668	0.182495755672206	1.00011057196025	0.745859031908868	0.903289484553687
Cauchy	1	1.25	-0.75	0.75	0.5	1.4996335019383	1.22843162636492	0.188968593664966	1.00008286394455	0.776040034514773	0.900370257618551
Cauchy	1	1.45	-0.75	0.75	0.5	1.49979120433706	1.26285307098256	0.193758140555895	1.00006811772072	0.789250319372967	0.899841129600702
Cauchy	1	1.65	-0.75	0.75	0.5	1.49982242568012	1.28972271758205	0.197415357860131	1.00010931829716	0.816449871637063	0.89796652466543
Cauchy	1	1.85	-0.75	0.75	0.5	1.49981764930464	1.31123605977085	0.200286630198726	1.00004077823764	0.831878537441322	0.896186001353913
Cauchy	1	2.05	-0.75	0.75	0.5	1.49980262763495	1.32882343324729	0.202595113801427	1.00003485217989	0.848228892151021	0.895649486505919
Cauchy	1	2.25	-0.75	0.75	0.5	1.49978469005689	1.34345365670169	0.204488864022838	1.00005451201319	0.856506588857827	0.894623504784346
Cauchy	1	2.45	-0.75	0.75	0.5	1.4997659225836	1.35580463234883	0.206069103316913	1.00011284378553	0.866880107106616	0.893763118110574
Cauchy	1	2.65	-0.75	0.75	0.5	1.49974691891435	1.36636394872565	0.20740702467364	1.00016491572266	0.890428459973547	0.89241113826702
Cauchy	1	2.85	-0.75	0.75	0.5	1.49972784802163	1.37549070972688	0.208554004554961	1.00020251858645	0.902573073115938	0.891465659556989
Cauchy	1	3.05	-0.75	0.75	0.5	1.49970875799661	1.38345489424083	0.20954797766551	1.00010696774158	0.897385520318542	0.891732714943792
Cauchy	1	3.25	-0.75	0.75	0.5	1.49968966252655	1.3904631807828	0.210417527067078	1.00007701178818	0.909083992045902	0.892100818230795
Cauchy	1	3.45	-0.75	0.75	0.5	1.49967056550694	1.39667634341393	0.211184579041265	1.00008499662922	0.916669960532094	0.891367025890171
Cauchy	1	3.65	-0.75	0.75	0.5	1.49965146804652	1.40222124510059	0.211866223050614	1.00013451328861	0.931099509321414	0.889910824570209
Cauchy	1	3.85	-0.75	0.75	0.5	1.49963237046085	1.40719927910278	0.212475968877998	1.00011289051172	0.934743321197218	0.889080433643868
Cauchy	1	4.05	-0.75	0.75	0.5	1.49961327283973	1.41169242165644	0.213024632930995	1.00006940117689	0.929092347696172	0.889689011110886
Cauchy	1	4.25	-0.75	0.75	0.5	1.49959417520877	1.41576764525686	0.213520974762452	1.00010633325917	0.925228188500533	0.891306032976063
Cauchy	1	4.45	-0.75	0.75	0.5	1.4995750775752	1.41948018591105	0.213972161920581	1.00007296354277	0.934114408639821	0.890119996797243
Cauchy	1	4.65	-0.75	0.75	0.5	1.49955597994119	1.42287599572742	0.214384114627148	1.00014221117966	0.942826749928514	0.889205601424046
Cauchy	1	4.85	-0.75	0.75	0.5	1.49953688230727	1.42599360747112	0.214761764912731	1.0001368586378	0.933489334193527	0.890185758477025
Cauchy	1	5.05	-0.75	0.75	0.5	1.49951778467369	1.42886556867167	0.215109253919439	1.00022746295197	0.933907088040133	0.890472881875029
Cauchy	1	5.25	-0.75	0.75	0.5	1.49949868704043	1.43151955654387	0.215430083877941	1.0002336870446	0.941649250284685	0.889698051843671
Cauchy	1	5.45	-0.75	0.75	0.5	1.49947958940759	1.43397925338665	0.215727236427497	1.00023644964817	0.949504947940919	0.88889103988608
Cauchy	1	5.65	-0.75	0.75	0.5	1.49946049177516	1.43626504024854	0.216003265644562	1.00021442046865	0.942411246150839	0.889313467826868
Cauchy	1	5.85	-0.75	0.75	0.5	1.49944139414316	1.43839455128792	0.216260371855883	1.00009060481899	0.943033120888286	0.889521490862991
Cauchy	1	6.05	-0.75	0.75	0.5	1.49942229651163	1.44038312032832	0.216500460702997	1.00008175078905	0.946036736908041	0.888905670918367
Cauchy	1	6.25	-0.75	0.75	0.5	1.49940319888054	1.4422441432433	0.216725190778409	1.00010819565184	0.961945402181585	0.887585353005991
Cauchy	1	6.45	-0.75	0.75	0.5	1.49938410124993	1.44398937407591	0.216936012327956	1.00013443752504	0.954151732167039	0.888279872496145
Cauchy	1	6.65	-0.75	0.75	0.5	1.49936500361982	1.44562916858245	0.217134198911383	1.00013860613045	0.959846864523696	0.888249612756012
Cauchy	1	6.85	-0.75	0.75	0.5	1.49934590599021	1.44717268575719	0.217320873469358	1.00004035953717	0.968514006852155	0.887179380714421
Cauchy	1	7.05	-0.75	0.75	0.5	1.49932680836112	1.44862805554358	0.217497029915223	1.00010868917722	0.954284840410677	0.888302171729254
Cauchy	1	7.25	-0.75	0.75	0.5	1.49930771073259	1.45000251916023	0.217663551121433	1.00013171714946	0.957989428056062	0.888827949913081
Cauchy	1	7.45	-0.75	0.75	0.5	1.49928861310459	1.45130254711113	0.217821223983108	1.00009209292178	0.95702030184188	0.889079059632594
Cauchy	1	7.65	-0.75	0.75	0.5	1.49926951547718	1.45253393890747	0.217970752097489	1.00005678655658	0.966208328539248	0.888199253343813
Cauchy	1	7.85000000000001	-0.75	0.75	0.5	1.49925041785033	1.45370190771952	0.218112766487635	1.00005917419234	0.960324663353214	0.888764198009747
Cauchy	1	8.05	-0.75	0.75	0.5	1.49923132022407	1.45481115254622	0.218247834712986	1.00004159059963	0.964916179095989	0.887815674744987
Cauchy	1	8.25	-0.75	0.75	0.5	1.49921222259846	1.45586591999565	0.218376468642753	1.00004179577672	0.975745778447959	0.887527131349039
Cauchy	1	8.45	-0.75	0.75	0.5	1.49919312497347	1.4568700573779	0.218499131115392	1.00004207225379	0.975859452863284	0.887112244704542
Cauchy	1	8.65	-0.75	0.75	0.5	1.49917402734912	1.45782705850138	0.21861624166567	1.00004206139273	0.972868538748353	0.887525286410669
Cauchy	1	8.85	-0.75	0.75	0.5	1.49915492972542	1.45874010331498	0.218728181468197	1.00004721955312	0.966201753312125	0.887836546216076
Cauchy	1	9.05	-0.75	0.75	0.5	1.49913583210243	1.45961209233822	0.218835297619548	1.0000587437581	0.962023034638605	0.887722493710292
Cauchy	1	9.25	-0.75	0.75	0.5	1.4991167344801	1.46044567666149	0.21893790685975	1.00005849169834	0.961216452037108	0.88843223056643
Cauchy	1	9.45	-0.75	0.75	0.5	1.49909763685848	1.46124328416639	0.219036298816988	1.00006795911123	0.967098943122781	0.888215570531467
Cauchy	1	9.65	-0.75	0.75	0.5	1.4990785392376	1.46200714250974	0.219130738845176	1.00006985575499	0.969219903602022	0.88796662506325
Cauchy	1	9.85	-0.75	0.75	0.5	1.49905944161743	1.46273929932744	0.21922147051279	1.00020930188155	0.964667415417876	0.887892791357789
Cauchy	1	10.05	-0.75	0.75	0.5	1.49904034399803	1.46344164004285	0.219308717791817	1.00018621735195	0.957739003263973	0.887946329484197
Cauchy	1	10.25	-0.75	0.75	0.5	1.49902124637942	1.4641159036038	0.21939268698822	1.00018063658061	0.965763137201737	0.887224548569327
Cauchy	1	10.45	-0.75	0.75	0.5	1.49900214876153	1.46476369642383	0.219473568448785	1.00018550422965	0.965946302813603	0.887579938026139
Cauchy	1	10.65	-0.75	0.75	0.5	1.49898305114449	1.46538650476261	0.219551538073853	1.00024375144333	0.977619031503561	0.887927788002551
Cauchy	1	10.85	-0.75	0.75	0.5	1.49896395352824	1.46598570574453	0.219626758661523	1.00023155170668	0.976641372645469	0.888036224503704
Cauchy	1	11.05	-0.75	0.75	0.5	1.49894485591284	1.46656257718791	0.219699381104359	1.0003052699802	0.973051446946022	0.887570611948611
Cauchy	1	11.25	-0.75	0.75	0.5	1.49892575829827	1.46711830639138	0.219769545457558	1.00029799635607	0.972491544454493	0.888827773628999
Cauchy	1	11.45	-0.75	0.75	0.5	1.49890666068456	1.4676539980042	0.219837381894098	1.00030270411822	0.967868500082245	0.888328244394032
Cauchy	1	11.65	-0.75	0.75	0.5	1.49888756307173	1.46817068109007	0.219903011560729	1.00038243680969	0.967078234607713	0.889145267410785
Cauchy	1	11.85	-0.75	0.75	0.5	1.49886846545979	1.46866931547894	0.219966547346559	1.00032125665805	0.981385592317467	0.887782272761953
Cauchy	1	12.05	-0.75	0.75	0.5	1.49884936784875	1.4691507974896	0.220028094574441	1.00040184858088	0.969172318924637	0.888283850426843
Cauchy	1	12.25	-0.75	0.75	0.5	1.49883027023861	1.46961596509408	0.22008775162409	1.0004002197883	0.972134408654642	0.888499518434461
Cauchy	1	12.45	-0.75	0.75	0.5	1.49881117262943	1.47006560258639	0.220145610494609	1.00038337512223	0.963637678414879	0.888368089896301
Cauchy	1	12.65	-0.75	0.75	0.5	1.49879207502119	1.47050044481035	0.220201757313332	1.00037562814494	0.95476604742093	0.889002100795145
Cauchy	1	12.85	-0.75	0.75	0.5	1.49877297741394	1.47092118099449	0.220256272796613	1.00034650052473	0.948178012486208	0.889335600170738
Cauchy	1	13.05	-0.75	0.75	0.5	1.49875387980765	1.47132845823517	0.220309232668045	1.00035431893921	0.943881089500691	0.889680297873527
Cauchy	1	13.25	-0.75	0.75	0.5	1.49873478220237	1.47172288466607	0.220360708038398	1.00036089122464	0.956994355328019	0.888970825615237
Cauchy	1	13.45	-0.75	0.75	0.5	1.49871568459809	1.4721050323457	0.220410765751482	1.00035491105533	0.957397416122621	0.888862550788211
Cauchy	1	13.65	-0.75	0.75	0.5	1.49869658699485	1.47247543989186	0.220459468699274	1.00034885543192	0.968303205638881	0.887706650179557
Cauchy	1	13.85	-0.75	0.75	0.5	1.49867748939264	1.47283461488897	0.220506876109641	1.00036178101417	0.960243459121643	0.888417364357289
Cauchy	1	14.05	-0.75	0.75	0.5	1.49865839179149	1.47318303609023	0.220553043809195	1.00036967900251	0.964723270863452	0.88877723973448
Cauchy	1	14.25	-0.75	0.75	0.5	1.49863929419141	1.47352115543516	0.220598024463908	1.00037446685704	0.961807155792228	0.889107208432828
Cauchy	1	14.45	-0.75	0.75	0.5	1.49862019659244	1.47384939990003	0.220641867799591	1.00039902521347	0.967220484364965	0.888689774768336
Cauchy	1	14.65	-0.75	0.75	0.5	1.49860109899457	1.4741681731972	0.22068462080415	1.00039855056051	0.96198988617439	0.888406358482011
Cauchy	1	14.85	-0.75	0.75	0.5	1.49858200139776	1.47447785733753	0.220726327913415	1.00035707370375	0.97406410660837	0.887812478096075
Cauchy	1	15.05	-0.75	0.75	0.5	1.49856290380216	1.47477881406889	0.220767031181971	1.00030736467256	0.971136385626095	0.888748056511839
Cauchy	1	15.25	-0.75	0.75	0.5	1.49854380620769	1.47507138620123	0.220806770440581	1.00029332806142	0.968358917474347	0.888449190247658
Cauchy	1	15.45	-0.75	0.75	0.5	1.49852470861435	1.47535589882956	0.220845583441161	1.00030277947958	0.961611239424876	0.889130276540269
Cauchy	1	15.65	-0.75	0.75	0.5	1.49850561102223	1.47563266046327	0.220883505990604	1.00029359212364	0.967427879062909	0.88836482847262
Cauchy	1	15.85	-0.75	0.75	0.5	1.49848651343131	1.47590196406991	0.220920572074448	1.0002805142894	0.97165639283688	0.888094257080079
Cauchy	1	16.05	-0.75	0.75	0.5	1.4984674158416	1.47616408804159	0.220956813971153	1.00031605716468	0.961900737374282	0.888978559289447
Cauchy	1	16.25	-0.75	0.75	0.5	1.49844831825306	1.47641929708972	0.220992262357968	1.00033453298952	0.973890443039764	0.88739480031574
Cauchy	1	16.45	-0.75	0.75	0.5	1.49842922066581	1.47666784307516	0.221026946408898	1.00035300881436	0.965465364839781	0.888443745117658
Cauchy	1	16.65	-0.75	0.75	0.5	1.4984101230798	1.47690996577818	0.221060893885721	1.00028586772001	0.979976351111651	0.887903980500558
Cauchy	1	16.85	-0.75	0.75	0.5	1.49839102549506	1.47714589361406	0.221094131222354	1.00029054572627	0.984453261022251	0.887112196664237
Cauchy	1	17.05	-0.75	0.75	0.5	1.49837192791161	1.47737584429832	0.221126683603275	1.00023078737945	0.997241974555658	0.885900284293884
Cauchy	1	17.25	-0.75	0.75	0.5	1.49835283032947	1.4776000254658	0.221158575036472	1.00023562565771	0.984046554552585	0.887232628083165
Cauchy	1	17.45	-0.75	0.75	0.5	1.49833373274863	1.47781863524715	0.221189828421352	1.00021683311705	0.988551407857986	0.886311086191354
Cauchy	1	17.65	-0.75	0.75	0.5	1.49831463516916	1.47803186280652	0.221220465611937	1.00019830659433	0.984834949580462	0.887046492901788
Cauchy	1	17.85	-0.75	0.75	0.5	1.49829553759099	1.47823988884268	0.221250507475891	1.00013872359613	0.977782165576411	0.887617026734334
Cauchy	1	18.05	-0.75	0.75	0.5	1.49827644001422	1.47844288605758	0.221279973949448	1.00021254469622	0.974390664571242	0.887415114575543
Cauchy	1	18.25	-0.75	0.75	0.5	1.49825734243882	1.47864101959335	0.221308884088881	1.00020677445585	0.976936434125232	0.887848259184409
Cauchy	1	18.45	-0.75	0.75	0.5	1.49823824486482	1.47883444744166	0.221337256118455	1.0002116991352	0.990194731815189	0.887263332719955
Cauchy	1	18.65	-0.75	0.75	0.5	1.4982191472922	1.47902332082629	0.221365107475362	1.00028665132353	0.991954481659684	0.886500943046505
Cauchy	1	18.85	-0.75	0.75	0.5	1.49820004972103	1.47920778456177	0.221392454851719	1.00029230295501	0.986093333229193	0.886753979656417
Cauchy	1	19.05	-0.75	0.75	0.5	1.4981809521513	1.47938797738916	0.221419314233961	1.00035642932844	0.979972151992732	0.887552637886129
Cauchy	1	19.25	-0.75	0.75	0.5	1.49816185458302	1.47956403229105	0.221445700939732	1.0003767971585	0.984367824218664	0.887059729261152
Cauchy	1	19.45	-0.75	0.75	0.5	1.49814275701619	1.47973607678725	0.221471629652477	1.0003717079053	0.984883419441086	0.887756591301237
Cauchy	1	19.65	-0.75	0.75	0.5	1.4981236594509	1.47990423321235	0.221497114453916	1.0003760541192	0.99357929422335	0.887059182807619
Cauchy	1	19.85	-0.75	0.75	0.5	1.49810456188706	1.48006861897655	0.221522168854584	1.00044413087121	0.983926139729149	0.887894729847333
Cauchy	1	20.05	-0.75	0.75	0.5	1.49808546432476	1.48022934681097	0.221546805822441	1.00047043540841	0.978226696404386	0.887756373443109
Cauchy	1	20.25	-0.75	0.75	0.5	1.49806636676399	1.48038652499819	0.221571037809877	1.00057620502666	0.974790824222892	0.887654705216481
Cauchy	1	20.45	-0.75	0.75	0.5	1.49804726920475	1.48054025758983	0.221594876779068	1.00052750288244	0.984047255071557	0.887419186690946
Cauchy	1	20.65	-0.75	0.75	0.5	1.49802817164708	1.4806906446109	0.221618334225828	1.00049283015929	0.987056393196888	0.886617688986162
Cauchy	1	20.85	-0.75	0.75	0.5	1.498009074091	1.48083778225264	0.221641421202169	1.0004469189851	0.977945506023407	0.887100097491691
Cauchy	1	21.05	-0.75	0.75	0.5	1.49798997653648	1.48098176305458	0.221664148337458	1.00041940433264	0.984672171299454	0.88654571406532
Cauchy	1	21.25	-0.75	0.75	0.5	1.49797087898362	1.48112267607618	0.22168652585843	1.00049369225316	0.979775280654786	0.886846634113473
Cauchy	1	21.45	-0.75	0.75	0.5	1.49795178143236	1.48126060705855	0.221708563608123	1.00049653208103	0.98560517764909	0.886790052570805
Cauchy	1	21.65	-0.75	0.75	0.5	1.49793268388272	1.48139563857797	0.221730271063638	1.00046185889597	0.987925628769445	0.886751821796212
Cauchy	1	21.85	-0.75	0.75	0.5	1.49791358633472	1.48152785019028	0.221751657353018	1.00045941256278	0.981134913178328	0.886621954624737
Cauchy	1	22.05	-0.75	0.75	0.5	1.49789448878845	1.48165731856777	0.221772731271143	1.00046941462032	0.976257617340555	0.887471571688057
Cauchy	1	22.25	-0.75	0.75	0.5	1.49787539124384	1.48178411762865	0.221793501294838	1.00052454154442	0.974186155401058	0.887492701927188
Cauchy	1	22.45	-0.75	0.75	0.5	1.4978562937009	1.48190831865947	0.221813975597085	1.00054543576057	0.971213635230738	0.888225154665517
Cauchy	1	22.65	-0.75	0.75	0.5	1.4978371961597	1.48202999043144	0.221834162060505	1.00056346963339	0.970712558040387	0.887868145945042
Cauchy	1	22.85	-0.75	0.75	0.5	1.4978180986202	1.48214919931009	0.221854068290159	1.00058722419286	0.978471587332991	0.888266212398548
Cauchy	1	23.05	-0.75	0.75	0.5	1.49779900108249	1.48226600935971	0.221873701625654	1.00066122144343	0.993194850207692	0.887163536205596
Cauchy	1	23.25	-0.75	0.75	0.5	1.4977799035465	1.48238048244216	0.221893069152611	1.00069093487134	0.997016234746846	0.886619981035964
Cauchy	1	23.45	-0.75	0.75	0.5	1.4977608060123	1.4824926783107	0.221912177713562	1.0006983120411	0.978521934776054	0.888375483027865
Cauchy	1	23.6499999999999	-0.75	0.75	0.5	1.49774170847992	1.48260265469909	0.221931033918282	1.00070568921083	0.992894853929965	0.886985250165843
Cauchy	1	23.8499999999999	-0.75	0.75	0.5	1.49772261094931	1.48271046740606	0.221949644153627	1.00083834489409	0.995027917608641	0.886810424416688
Cauchy	1	24.0499999999999	-0.75	0.75	0.5	1.49770351342056	1.48281617037593	0.221968014592781	1.00077681261522	0.992973332240384	0.887162318047328
Cauchy	1	24.2499999999999	-0.75	0.75	0.5	1.49768441589359	1.48291981577468	0.221986151204226	1.00077701636662	0.986433320405822	0.886820974000671
Cauchy	1	24.4499999999999	-0.75	0.75	0.5	1.49766531836853	1.48302145406296	0.22200405976003	1.00098326008126	0.995126717892659	0.886895598017673
Cauchy	1	24.6499999999999	-0.75	0.75	0.5	1.49764622084529	1.48312113406487	0.222021745843974	1.00099130310851	1.00243557954141	0.886103361334329
Cauchy	1	24.8499999999999	-0.75	0.75	0.5	1.49762712332397	1.48321890303403	0.222039214859086	1.00100611481526	1.00690210149897	0.886608662196137
Cauchy	1	25.0499999999999	-0.75	0.75	0.5	1.49760802580453	1.4833148067161	0.222056472034935	1.00102408631253	1.00484295978599	0.886018519570595
Cauchy	1	25.2499999999999	-0.75	0.75	0.5	1.49758892828699	1.48340888940837	0.222073522434529	1.00104782526608	1.00567104047769	0.886100490609784
Cauchy	1	25.4499999999999	-0.75	0.75	0.5	1.4975698307714	1.48350119401687	0.222090370960879	1.0010234752175	1.01078019845214	0.88671009141777
Cauchy	1	25.6499999999999	-0.75	0.75	0.5	1.49755073325777	1.48359176211022	0.222107022363282	1.00102074913355	1.00890685930068	0.886397069964279
Cauchy	1	25.8499999999999	-0.75	0.75	0.5	1.49753163574606	1.48368063397157	0.222123481243309	1.00106354053049	1.00459302354465	0.887096299069231
Cauchy	1	26.0499999999999	-0.75	0.75	0.5	1.49751253823635	1.48376784864787	0.222139752060463	1.00105237790885	1.01522660317598	0.886906169460744
Cauchy	1	26.2499999999999	-0.75	0.75	0.5	1.49749344072861	1.48385344399683	0.222155839137668	1.00104327680923	1.00314519257928	0.886572186609172
Cauchy	1	26.4499999999999	-0.75	0.75	0.5	1.49747434322291	1.48393745673199	0.222171746666418	1.00097358871306	1.0045952574263	0.887023668920212
Cauchy	1	26.6499999999999	-0.75	0.75	0.5	1.49745524571918	1.48401992246539	0.22218747871178	1.00092978642644	1.01258721030082	0.886247914027096
Cauchy	1	26.8499999999999	-0.75	0.75	0.5	1.49743614821754	1.48410087574889	0.222203039217046	1.00106325327477	1.00522360338503	0.887595037704474
Cauchy	1	27.0499999999999	-0.75	0.75	0.5	1.49741705071791	1.48418035011294	0.222218432008352	1.00108805658492	1.00085814529125	0.887890309178547
Cauchy	1	27.2499999999999	-0.75	0.75	0.5	1.49739795322036	1.48425837810444	0.22223366079893	1.0011525052731	1.00753683375055	0.88674107847146
Cauchy	1	27.4499999999999	-0.75	0.75	0.5	1.49737885572488	1.48433499132222	0.222248729193268	1.00111144060008	0.99871129241723	0.8868596573307
Cauchy	1	27.6499999999999	-0.75	0.75	0.5	1.4973597582315	1.48441022045145	0.222263640691044	1.00112942321292	1.00951270013022	0.886272264402175
Cauchy	1	27.8499999999999	-0.75	0.75	0.5	1.49734066074025	1.48448409529643	0.222278398690947	1.00113809703	1.00496027344354	0.88725068023098
Cauchy	1	28.0499999999999	-0.75	0.75	0.5	1.4973215632511	1.48455664481189	0.222293006494243	1.00111408698646	1.00159981772148	0.887007024782111
Cauchy	1	28.2499999999999	-0.75	0.75	0.5	1.49730246576412	1.48462789713316	0.222307467308277	1.00108300564628	1.00842203878877	0.886262967957765
Cauchy	1	28.4499999999999	-0.75	0.75	0.5	1.49728336827928	1.48469787960485	0.222321784249767	1.00104531981909	0.999984477299596	0.886993365170101
Cauchy	1	28.6499999999999	-0.75	0.75	0.5	1.49726427079662	1.48476661880842	0.222335960348003	1.0010544637595	0.98425904442402	0.888256696586945
Cauchy	1	28.8499999999999	-0.75	0.75	0.5	1.49724517331614	1.48483414058873	0.222349998547866	1.00113281202977	0.988325146307542	0.887333927576651
Cauchy	1	29.0499999999999	-0.75	0.75	0.5	1.4972260758379	1.48490047007926	0.222363901712761	1.00113743012973	0.97765872298189	0.887871013681684
Cauchy	1	29.2499999999999	-0.75	0.75	0.5	1.49720697836184	1.48496563172645	0.222377672627437	1.001183876918	1.00301038292552	0.886917760223993
Cauchy	1	29.4499999999999	-0.75	0.75	0.5	1.49718788088802	1.48502964931308	0.222391314000622	1.00117402436479	0.991847892457297	0.887135015750609
Cauchy	1	29.6499999999999	-0.75	0.75	0.5	1.49716878341647	1.48509254598051	0.222404828467634	1.00121586628553	1.00250941972088	0.88636778944334
Cauchy	1	29.8499999999999	-0.75	0.75	0.5	1.49714968594718	1.48515434425033	0.222418218592837	1.00136171597138	0.988967897657696	0.887857886417239
Cauchy	1	30.0499999999999	-0.75	0.75	0.5	1.49713058848013	1.48521506604473	0.222431486872034	1.00136535110675	1.0033130450326	0.887129016093475
Cauchy	1	30.2499999999999	-0.75	0.75	0.5	1.49711149101542	1.48527473270658	0.222444635734697	1.00137586232964	0.990190952760273	0.888154196894698
Cauchy	1	30.4499999999999	-0.75	0.75	0.5	1.49709239355299	1.48533336501822	0.222457667546201	1.00138573717459	0.977372860493363	0.88847337331551
Cauchy	1	30.6499999999999	-0.75	0.75	0.5	1.4970732960929	1.48539098321983	0.222470584609915	1.00139374424233	0.979019152238334	0.888015402690732
Cauchy	1	30.8499999999999	-0.75	0.75	0.5	1.49705419863515	1.48544760702702	0.222483389169199	1.00135819543599	0.987385556144469	0.887575645427715
Cauchy	1	31.0499999999999	-0.75	0.75	0.5	1.49703510117977	1.48550325564766	0.22249608340936	1.00133652482808	0.988366336256304	0.888023953813377
Cauchy	1	31.2499999999999	-0.75	0.75	0.5	1.49701600372673	1.48555794779811	0.222508669459535	1.00129388789106	0.991942655663473	0.887015118733763
Cauchy	1	31.4499999999999	-0.75	0.75	0.5	1.49699690627612	1.48561170171891	0.222521149394435	1.00135650471074	0.99752627070109	0.88703853498806
Cauchy	1	31.6499999999999	-0.75	0.75	0.5	1.49697780882789	1.48566453518977	0.222533525236135	1.00137450441156	0.993536104697284	0.887403522910195
Cauchy	1	31.8499999999999	-0.75	0.75	0.5	1.49695871138209	1.48571646554398	0.22254579895568	1.00135346093995	1.00150686568724	0.886407273264397
Cauchy	1	32.0499999999999	-0.75	0.75	0.5	1.4969396139387	1.48576750968233	0.222557972474727	1.00129265923704	1.01524830253788	0.885788004916102
Cauchy	1	32.2499999999999	-0.75	0.75	0.5	1.49692051649779	1.48581768408675	0.222570047667024	1.00130280187484	1.01651730835815	0.885858953664058
Cauchy	1	32.4499999999999	-0.75	0.75	0.5	1.49690141905928	1.48586700483278	0.222582026359986	1.00127094318932	1.00411071048524	0.886237090776333
Cauchy	1	32.6499999999999	-0.75	0.75	0.5	1.49688232162328	1.48591548760237	0.222593910336012	1.0012656284341	0.997599732926542	0.887183591340059
Cauchy	1	32.8499999999999	-0.75	0.75	0.5	1.49686322418982	1.48596314769583	0.222605701333925	1.00131773803374	1.00113757059204	0.887515398398017
Cauchy	1	33.0499999999999	-0.75	0.75	0.5	1.49684412675883	1.486010000043	0.222617401050313	1.00132391770179	1.01056512121412	0.885958562898646
Cauchy	1	33.2499999999999	-0.75	0.75	0.5	1.49682502933035	1.48605605921496	0.222629011140747	1.00132304172359	1.00305506128642	0.887310383420571
Cauchy	1	33.4499999999999	-0.75	0.75	0.5	1.49680593190444	1.48610133943428	0.222640533221044	1.00133825427481	0.999312668585493	0.88700254624298
Cauchy	1	33.6499999999999	-0.75	0.75	0.5	1.49678683448107	1.48614585458552	0.22265196886845	1.00135936475663	1.00531135119192	0.886679012839432
Cauchy	1	33.8499999999999	-0.75	0.75	0.5	1.49676773706025	1.48618961822541	0.222663319622795	1.0013682908596	1.0072812414893	0.886167909244935
Cauchy	1	34.0499999999999	-0.75	0.75	0.5	1.49674863964206	1.4862326435921	0.22267458698757	1.00138896475439	0.994982831482039	0.88769053927388
Cauchy	1	34.25	-0.75	0.75	0.5	1.49672954222645	1.48627494361476	0.222685772431016	1.00141106595712	0.98601823439975	0.88740931322198
Cauchy	1	34.45	-0.75	0.75	0.5	1.49671044481343	1.48631653092239	0.22269687738714	1.00135558768134	0.981164057215982	0.888217036377125
Cauchy	1	34.65	-0.75	0.75	0.5	1.49669134740307	1.48635741785259	0.222707903256703	1.00131894505105	0.981870742689026	0.888095804747007
Cauchy	1	34.85	-0.75	0.75	0.5	1.49667224999534	1.48639761645978	0.222718851408203	1.00127844230358	0.988702033405294	0.887454207856306
Cauchy	1	35.05	-0.75	0.75	0.5	1.4966531525903	1.48643713852341	0.222729723178737	1.00123986961468	0.995159999798268	0.886837635707782
Cauchy	1	35.25	-0.75	0.75	0.5	1.49663405518792	1.48647599555564	0.222740519874993	1.00127568955939	1.00223630217089	0.886834388758197
Cauchy	1	35.45	-0.75	0.75	0.5	1.49661495778823	1.48651419880899	0.222751242774021	1.00126723063804	0.992569070919465	0.888156734315225
Cauchy	1	35.65	-0.75	0.75	0.5	1.49659586039126	1.48655175928357	0.222761893124106	1.00125708084022	0.99404196085304	0.887876714878904
Cauchy	1	35.85	-0.75	0.75	0.5	1.496576762997	1.48658868773402	0.222772472145581	1.0011942052209	0.996643614986169	0.887212653343505
Cauchy	1	36.05	-0.75	0.75	0.5	1.49655766560547	1.48662499467648	0.222782981031584	1.00115186462246	0.994805924947547	0.887479289941829
Cauchy	1	36.25	-0.75	0.75	0.5	1.49653856821675	1.48666069039512	0.222793420948818	1.00111871644744	0.994303104285295	0.886925883287779
Cauchy	1	36.45	-0.75	0.75	0.5	1.49651947083072	1.48669578494837	0.222803793038318	1.00116065524307	1.00115330017324	0.887033597329557
Cauchy	1	36.65	-0.75	0.75	0.5	1.49650037344751	1.48673028817532	0.222814098416052	1.00116245140047	1.00421398797085	0.886458373167941
Cauchy	1	36.85	-0.75	0.75	0.5	1.4964812760671	1.48676420970141	0.222824338173729	1.00113020222197	0.990425869237591	0.886942328735518
Cauchy	1	37.05	-0.75	0.75	0.5	1.49646217868949	1.48679755894437	0.222834513379375	1.00105045746751	1.00019973626194	0.886258214135811
Cauchy	1	37.25	-0.75	0.75	0.5	1.49644308131473	1.48683034511978	0.222844625077979	1.00103626717782	0.996032700564671	0.887226645777419
Cauchy	1	37.45	-0.75	0.75	0.5	1.49642398394281	1.48686257724632	0.222854674292153	1.00100273897077	0.992913629007065	0.887427216373064
Cauchy	1	37.65	-0.75	0.75	0.5	1.49640488657377	1.48689426415118	0.222864662022677	1.00098303029783	1.00658896666936	0.886814069300175
Cauchy	1	37.85	-0.75	0.75	0.5	1.49638578920755	1.486925414475	0.222874589249128	1.00097087783507	1.01263478057099	0.886357916139936
Cauchy	1	38.05	-0.75	0.75	0.5	1.49636669184427	1.48695603667691	0.22288445693037	1.00096375963453	1.01220844922889	0.88558954926798
Cauchy	1	38.25	-0.75	0.75	0.5	1.49634759448388	1.48698613903899	0.222894266005181	1.00095924838849	0.998416218717294	0.887214608301383
Cauchy	1	38.45	-0.75	0.75	0.5	1.49632849712643	1.48701572967126	0.222904017392703	1.00106779195968	0.991000872460564	0.886920252581466
Cauchy	1	38.65	-0.75	0.75	0.5	1.49630939977189	1.48704481651575	0.22291371199302	1.00111974863497	0.991476369587735	0.885959456020474
Cauchy	1	38.85	-0.75	0.75	0.5	1.49629030242032	1.48707340735114	0.222923350687576	1.00107125561961	0.991877983135045	0.887157662566262
Cauchy	1	39.05	-0.75	0.75	0.5	1.49627120507169	1.48710150979668	0.222932934339731	1.00102048746887	0.993980876764639	0.88761126024586
Cauchy	1	39.25	-0.75	0.75	0.5	1.49625210772605	1.48712913131649	0.222942463795159	1.00101007255193	0.989387423974409	0.887102229721432
Cauchy	1	39.45	-0.75	0.75	0.5	1.49623301038342	1.4871562792233	0.222951939882323	1.0010307425478	0.979801031366666	0.888113596661734
Cauchy	1	39.65	-0.75	0.75	0.5	1.49621391304382	1.48718296068237	0.222961363412926	1.00110129311171	0.991707418553748	0.886879165415506
Cauchy	1	39.85	-0.75	0.75	0.5	1.49619481570722	1.48720918271508	0.222970735182323	1.00117410109162	0.988316375830268	0.887439811914082
